 [0.62704517 0.37295483]
 [0.61979823 0.38020177]
 [0.32892083 0.67107917]
 [0.66739238 0.33260762]
 [0.66739238 0.33260762]
 [0.26876506 0.73123494]
 [0.32674853 0.67325147]
 [0.84545541 0.15454459]
 [0.5701409  0.4298591 ]
 [0.30881796 0.69118204]
 [0.32375984 0.67624016]
 [0.32050416 0.67949584]
 [0.24630998 0.75369002]
 [0.3288739  0.6711261 ]
 [0.20636617 0.79363383]
 [0.33095921 0.66904079]
 [0.20691588 0.79308412]
 [0.20843646 0.79156354]]
2024-01-14 09:52:58 INFO Model_Trainer.py:71 - Prediction Result of XGBClassifier is [[9.9797285e-01 2.0271789e-03]
 [2.1387935e-03 9.9786121e-01]
 [2.6554465e-03 9.9734455e-01]
 [1.5105069e-02 9.8489493e-01]
 [1.5105069e-02 9.8489493e-01]
 [9.9918783e-01 8.1215607e-04]
 [9.9797285e-01 2.0271789e-03]
 [9.9918783e-01 8.1215607e-04]
 [9.9797285e-01 2.0271789e-03]
 [9.9918783e-01 8.1215607e-04]
 [9.9918783e-01 8.1215607e-04]
 [8.9168549e-03 9.9108315e-01]
 [1.3778210e-03 9.9862218e-01]
 [1.3778210e-03 9.9862218e-01]
 [3.5939813e-03 9.9640602e-01]
 [1.1726022e-03 9.9882740e-01]
 [5.8919191e-03 9.9410808e-01]
 [5.4025650e-03 9.9459743e-01]
 [1.3606846e-02 9.8639315e-01]
 [2.2337973e-02 9.7766203e-01]
 [9.9797285e-01 2.0271789e-03]
 [9.9784231e-01 2.1576725e-03]
 [1.2116492e-02 9.8788351e-01]
 [9.9797285e-01 2.0271789e-03]
 [9.9797285e-01 2.0271789e-03]
 [2.1528006e-03 9.9784720e-01]
 [2.5359392e-03 9.9746406e-01]
 [9.9950039e-01 4.9961056e-04]
 [9.9703419e-01 2.9657786e-03]
 [3.8782954e-03 9.9612170e-01]
 [3.4511685e-03 9.9654883e-01]
 [8.6072683e-03 9.9139273e-01]
 [1.3485551e-03 9.9865144e-01]
 [4.6811283e-02 9.5318872e-01]
 [2.6528835e-03 9.9734712e-01]
 [1.8898249e-03 9.9811018e-01]
 [1.0255575e-03 9.9897444e-01]
 [1.9962192e-03 9.9800378e-01]]
2024-01-14 09:52:58 INFO Model_Trainer.py:71 - Prediction Result of LogisticRegression is [[0.84067184 0.15932816]
 [0.38789253 0.61210747]
 [0.60081684 0.39918316]
 [0.81341679 0.18658321]
 [0.87290156 0.12709844]
 [0.95475799 0.04524201]
 [0.90087333 0.09912667]
 [0.99531035 0.00468965]
 [0.9686828  0.0313172 ]
 [0.92995171 0.07004829]
 [0.99707307 0.00292693]
 [0.66641132 0.33358868]
 [0.2210843  0.7789157 ]
 [0.2210843  0.7789157 ]
 [0.10761325 0.89238675]
 [0.19832512 0.80167488]
 [0.1172824  0.8827176 ]
 [0.28341913 0.71658087]
 [0.48694881 0.51305119]
 [0.38360584 0.61639416]
 [0.94840497 0.05159503]
 [0.92020037 0.07979963]
 [0.86222686 0.13777314]
 [0.96519965 0.03480035]
 [0.96519965 0.03480035]
 [0.19320782 0.80679218]
 [0.59294827 0.40705173]
 [0.99341057 0.00658943]
 [0.72467622 0.27532378]
 [0.36568601 0.63431399]
 [0.5204957  0.4795043 ]
 [0.86115073 0.13884927]
 [0.25904162 0.74095838]
 [0.01180303 0.98819697]
 [0.16166643 0.83833357]
 [0.57954135 0.42045865]
 [0.3309398  0.6690602 ]
 [0.26041837 0.73958163]]
2024-01-14 09:52:58 INFO Model_Trainer.py:71 - Prediction Result of MultinomialNB is [[0.9305722  0.0694278 ]
 [0.87650897 0.12349103]
 [0.91282859 0.08717141]
 [0.92531188 0.07468812]
 [0.92987463 0.07012537]
 [0.94506884 0.05493116]
 [0.94059153 0.05940847]
 [0.95609018 0.04390982]
 [0.95825105 0.04174895]
 [0.93091047 0.06908953]
 [0.95926157 0.04073843]
 [0.91495314 0.08504686]
 [0.8755309  0.1244691 ]
 [0.8755309  0.1244691 ]
 [0.84872879 0.15127121]
 [0.8571371  0.1428629 ]
 [0.84204027 0.15795973]
 [0.89550689 0.10449311]
 [0.89562369 0.10437631]
 [0.89013301 0.10986699]
 [0.94645037 0.05354963]
 [0.94223561 0.05776439]
 [0.93393553 0.06606447]
 [0.93776668 0.06223332]
 [0.93776668 0.06223332]
 [0.90611224 0.09388776]
 [0.92549569 0.07450431]
 [0.91427022 0.08572978]
 [0.95342856 0.04657144]
 [0.9304296  0.0695704 ]
 [0.91179702 0.08820298]
 [0.91519149 0.08480851]
 [0.88218803 0.11781197]
 [0.23894497 0.76105503]
 [0.81604391 0.18395609]
 [0.91473421 0.08526579]
 [0.88984369 0.11015631]
 [0.89426824 0.10573176]]
2024-01-14 09:52:58 INFO Model_Trainer.py:71 - Prediction Result of GaussianNB is [[9.97820613e-01 2.17938732e-03]
 [5.48632551e-09 9.99999995e-01]
 [2.37252269e-04 9.99762748e-01]
 [9.85298628e-01 1.47013717e-02]
 [9.99995654e-01 4.34645556e-06]
 [1.00000000e+00 7.04729536e-13]
 [9.99999904e-01 9.63980468e-08]
 [1.00000000e+00 2.83545490e-27]
 [1.00000000e+00 2.52696042e-13]
 [1.00000000e+00 1.58616096e-10]
 [1.00000000e+00 4.97671521e-35]
 [1.63932543e-04 9.99836067e-01]
 [2.63981598e-16 1.00000000e+00]
 [2.63981598e-16 1.00000000e+00]
 [8.32875118e-22 1.00000000e+00]
 [1.69606563e-16 1.00000000e+00]
 [1.32125245e-22 1.00000000e+00]
 [1.35117936e-16 1.00000000e+00]
 [4.86405376e-10 1.00000000e+00]
 [2.40696737e-12 1.00000000e+00]
 [1.00000000e+00 2.78782333e-11]
 [9.99999998e-01 1.76342295e-09]
 [9.99999854e-01 1.45855957e-07]
 [1.00000000e+00 8.01979602e-19]
 [1.00000000e+00 8.01979602e-19]
 [6.68175480e-18 1.00000000e+00]
 [4.22700107e-03 9.95772999e-01]
 [1.00000000e+00 6.93778146e-22]
 [8.15174631e-04 9.99184825e-01]
 [1.22054316e-13 1.00000000e+00]
 [2.19466676e-03 9.97805333e-01]
 [9.99999897e-01 1.02787044e-07]
 [6.89685484e-13 1.00000000e+00]
 [1.20198212e-32 1.00000000e+00]
 [2.38022871e-16 1.00000000e+00]
 [6.62746600e-06 9.99993373e-01]
 [8.18728704e-12 1.00000000e+00]
 [4.44663040e-12 1.00000000e+00]]
2024-01-14 09:52:58 INFO ResultEvaluator.py:29 - The Average Result: [[0.90114989 0.09885012]
 [0.21955612 0.78044388]
 [0.29538874 0.70461126]
 [0.48689788 0.51310212]
 [0.50275013 0.49724987]
 [0.92515634 0.07484366]
 [0.79732359 0.20267642]
 [0.96100151 0.03899849]
 [0.92455131 0.07544869]
 [0.92082693 0.07917307]
 [0.93143498 0.06856501]
 [0.34788665 0.65211335]
 [0.20306278 0.79693722]
 [0.20306278 0.79693722]
 [0.14119169 0.85880831]
 [0.14139868 0.85860132]
 [0.15173943 0.84826057]
 [0.1838215  0.8161785 ]
 [0.30365445 0.69634555]
 [0.27310924 0.72689076]
 [0.91998593 0.08001408]
 [0.91428703 0.08571297]
 [0.49302218 0.50697782]
 [0.92537017 0.07462983]
 [0.92537017 0.07462983]
 [0.17447088 0.82552912]
 [0.27058764 0.72941236]
 [0.97251518 0.02748482]
 [0.62364019 0.37635981]
 [0.20320132 0.79679868]
 [0.30315167 0.69684833]
 [0.50171706 0.49828294]
 [0.15987647 0.84012353]
 [0.08849257 0.91150743]
 [0.13519215 0.86480785]
 [0.31042199 0.68957801]
 [0.18096944 0.81903056]
 [0.16723548 0.83276452]]
2024-01-14 09:52:58 INFO ResultEvaluator.py:33 - The Maximum Value is: 0.911507425185273, and the Index is: 33
2024-01-14 09:53:00 INFO MongoConnect.py:13 - Pinged your deployment. You successfully connected to MongoDB!
2024-01-14 09:53:01 INFO ImageFindController.py:60 - ***** Finding Image Finished *****
2024-01-14 09:53:01 INFO ImageFindController.py:61 - Your position is near, Weapons

2024-01-14 09:53:21 INFO ImageFindController.py:49 - ***** Starting Finding Image *****
1it [00:00, ?it/s]
2024-01-14 09:53:22 INFO FeaturesExtractionService.py:106 - Type = <class 'numpy.ndarray'>
2024-01-14 09:53:22 INFO FeaturesExtractionService.py:107 - Shape of feature_list = (1, 512)
2024-01-14 09:53:22 INFO FeaturesExtractionService.py:108 - Time taken in sec = 0.20311522483825684
2024-01-14 09:53:22 INFO FeaturesExtractionService.py:109 - Image location: uploads/image/input_image.jpg
1/1 [==============================] - 0s 281ms/step
1it [00:00, ?it/s]
2024-01-14 09:53:22 INFO FeaturesExtractionService.py:106 - Type = <class 'numpy.ndarray'>
2024-01-14 09:53:22 INFO FeaturesExtractionService.py:107 - Shape of feature_list = (1, 2048)
2024-01-14 09:53:22 INFO FeaturesExtractionService.py:108 - Time taken in sec = 0.42186522483825684
2024-01-14 09:53:22 INFO FeaturesExtractionService.py:109 - Image location: uploads/image/input_image.jpg
2024-01-14 09:53:25 INFO MongoConnect.py:13 - Pinged your deployment. You successfully connected to MongoDB!
2024-01-14 09:53:31 INFO Model_Trainer.py:71 - Prediction Result of DecisionTreeClassifier is [[0. 1.]
 [0. 1.]
 [0. 1.]
 [0. 1.]
 [0. 1.]
 [0. 1.]
 [1. 0.]
 [1. 0.]
 [1. 0.]
 [1. 0.]
 [1. 0.]
 [0. 1.]
 [0. 1.]
 [0. 1.]
 [0. 1.]
 [0. 1.]
 [0. 1.]
 [0. 1.]
 [0. 1.]
 [1. 0.]
 [1. 0.]
 [1. 0.]
 [1. 0.]
 [1. 0.]
 [1. 0.]
 [0. 1.]
 [0. 1.]
 [1. 0.]
 [1. 0.]
 [1. 0.]
 [1. 0.]
 [1. 0.]
 [0. 1.]
 [1. 0.]
 [0. 1.]
 [0. 1.]
 [0. 1.]
 [0. 1.]]
2024-01-14 09:53:31 INFO Model_Trainer.py:71 - Prediction Result of RandomForestClassifier is [[0.16 0.84]
 [0.17 0.83]
 [0.24 0.76]
 [0.04 0.96]
 [0.19 0.81]
 [0.43 0.57]
 [0.64 0.36]
 [0.94 0.06]
 [0.75 0.25]
 [1.   0.  ]
 [1.   0.  ]
 [0.19 0.81]
 [0.16 0.84]
 [0.16 0.84]
 [0.3  0.7 ]
 [0.08 0.92]
 [0.04 0.96]
 [0.22 0.78]
 [0.12 0.88]
 [0.43 0.57]
 [0.76 0.24]
 [0.67 0.33]
 [0.99 0.01]
 [1.   0.  ]
 [1.   0.  ]
 [0.06 0.94]
 [0.02 0.98]
 [0.64 0.36]
 [0.56 0.44]
 [0.57 0.43]
 [0.56 0.44]
 [0.62 0.38]
 [0.12 0.88]
 [0.62 0.38]
 [0.22 0.78]
 [0.08 0.92]
 [0.06 0.94]
 [0.2  0.8 ]]
2024-01-14 09:53:31 INFO Model_Trainer.py:71 - Prediction Result of MLPClassifier is [[0.00000000e+000 1.00000000e+000]
 [0.00000000e+000 1.00000000e+000]
 [0.00000000e+000 1.00000000e+000]
 [0.00000000e+000 1.00000000e+000]
 [0.00000000e+000 1.00000000e+000]
 [4.44089210e-016 1.00000000e+000]
 [9.99999782e-001 2.18414620e-007]
 [1.00000000e+000 3.79929437e-019]
 [9.99999801e-001 1.98866640e-007]
 [1.00000000e+000 1.65904601e-032]
 [1.00000000e+000 6.48796225e-105]
 [0.00000000e+000 1.00000000e+000]
 [0.00000000e+000 1.00000000e+000]
 [0.00000000e+000 1.00000000e+000]
 [0.00000000e+000 1.00000000e+000]
 [0.00000000e+000 1.00000000e+000]
 [0.00000000e+000 1.00000000e+000]
 [0.00000000e+000 1.00000000e+000]
 [0.00000000e+000 1.00000000e+000]
 [0.00000000e+000 1.00000000e+000]
 [7.64201291e-009 9.99999992e-001]
 [8.67921833e-002 9.13207817e-001]
 [1.00000000e+000 1.86818021e-028]
 [1.00000000e+000 2.52463690e-070]
 [1.00000000e+000 2.52463690e-070]
 [0.00000000e+000 1.00000000e+000]
 [0.00000000e+000 1.00000000e+000]
 [1.00000000e+000 1.84543513e-021]
 [1.11022302e-015 1.00000000e+000]
 [9.99999760e-001 2.39954288e-007]
 [0.00000000e+000 1.00000000e+000]
 [1.00000000e+000 2.07469409e-019]
 [0.00000000e+000 1.00000000e+000]
 [9.63536216e-001 3.64637843e-002]
 [0.00000000e+000 1.00000000e+000]
 [0.00000000e+000 1.00000000e+000]
 [0.00000000e+000 1.00000000e+000]
 [0.00000000e+000 1.00000000e+000]]
2024-01-14 09:53:31 INFO Model_Trainer.py:71 - Prediction Result of KNeighborsClassifier is [[0.33333333 0.66666667]
 [0.33333333 0.66666667]
 [0.66666667 0.33333333]
 [0.33333333 0.66666667]
 [0.         1.        ]
 [1.         0.        ]
 [1.         0.        ]
 [1.         0.        ]
 [1.         0.        ]
 [1.         0.        ]
 [1.         0.        ]
 [0.33333333 0.66666667]
 [0.33333333 0.66666667]
 [0.33333333 0.66666667]
 [0.33333333 0.66666667]
 [0.33333333 0.66666667]
 [0.         1.        ]
 [0.         1.        ]
 [0.33333333 0.66666667]
 [0.66666667 0.33333333]
 [1.         0.        ]
 [1.         0.        ]
 [1.         0.        ]
 [1.         0.        ]
 [1.         0.        ]
 [0.         1.        ]
 [0.33333333 0.66666667]
 [1.         0.        ]
 [1.         0.        ]
 [1.         0.        ]
 [1.         0.        ]
 [1.         0.        ]
 [0.         1.        ]
 [1.         0.        ]
 [0.         1.        ]
 [0.         1.        ]
 [0.         1.        ]
 [0.33333333 0.66666667]]
2024-01-14 09:53:31 INFO Model_Trainer.py:71 - Prediction Result of AdaBoostClassifier is [[0.25146959 0.74853041]
 [0.19113527 0.80886473]
 [0.21475865 0.78524135]
 [0.29131137 0.70868863]
 [0.24472576 0.75527424]
 [0.34585174 0.65414826]
 [0.57951369 0.42048631]
 [0.66050497 0.33949503]
 [0.65283608 0.34716392]
 [0.84545541 0.15454459]
 [0.84545541 0.15454459]
 [0.27700946 0.72299054]
 [0.28377181 0.71622819]
 [0.28377181 0.71622819]
 [0.25049602 0.74950398]
 [0.36083977 0.63916023]
 [0.31388637 0.68611363]
 [0.29008752 0.70991248]
 [0.29600213 0.70399787]
 [0.46436361 0.53563639]
 [0.61001108 0.38998892]
 [0.61979823 0.38020177]
 [0.8209121  0.1790879 ]
 [0.84545541 0.15454459]
 [0.84545541 0.15454459]
 [0.34712816 0.65287184]
 [0.23637736 0.76362264]
 [0.5675628  0.4324372 ]
 [0.51930474 0.48069526]
 [0.60470517 0.39529483]
 [0.38706331 0.61293669]
 [0.56825488 0.43174512]
 [0.3754015  0.6245985 ]
 [0.46532706 0.53467294]
 [0.27880079 0.72119921]
 [0.31313892 0.68686108]
 [0.31299015 0.68700985]
 [0.2125616  0.7874384 ]]
2024-01-14 09:53:31 INFO Model_Trainer.py:71 - Prediction Result of XGBClassifier is [[8.7084770e-03 9.9129152e-01]
 [9.3799829e-04 9.9906200e-01]
 [9.3799829e-04 9.9906200e-01]
 [7.1172714e-03 9.9288273e-01]
 [5.8764815e-03 9.9412352e-01]
 [1.5105069e-02 9.8489493e-01]
 [9.1747338e-01 8.2526609e-02]
 [9.9889857e-01 1.1014490e-03]
 [9.9797285e-01 2.0271789e-03]
 [9.9950039e-01 4.9961056e-04]
 [9.9950039e-01 4.9961056e-04]
 [1.9017696e-02 9.8098230e-01]
 [9.1443837e-02 9.0855616e-01]
 [9.1443837e-02 9.0855616e-01]
 [1.2972236e-02 9.8702776e-01]
 [2.6906252e-02 9.7309375e-01]
 [2.5613785e-02 9.7438622e-01]
 [9.1443837e-02 9.0855616e-01]
 [2.0589590e-02 9.7941041e-01]
 [9.0632480e-01 9.3675189e-02]
 [9.9767035e-01 2.3296447e-03]
 [9.9768794e-01 2.3120476e-03]
 [9.9950039e-01 4.9961056e-04]
 [9.9950039e-01 4.9961056e-04]
 [9.9950039e-01 4.9961056e-04]
 [2.0864964e-02 9.7913504e-01]
 [3.0534863e-03 9.9694651e-01]
 [9.1747338e-01 8.2526609e-02]
 [7.2616208e-01 2.7383795e-01]
 [7.8507411e-01 2.1492589e-01]
 [7.2616208e-01 2.7383795e-01]
 [8.5679185e-01 1.4320816e-01]
 [3.2628775e-02 9.6737123e-01]
 [9.0565062e-01 9.4349399e-02]
 [8.6380839e-02 9.1361916e-01]
 [1.9366026e-02 9.8063397e-01]
 [8.5640550e-03 9.9143595e-01]
 [1.5740395e-03 9.9842596e-01]]
2024-01-14 09:53:31 INFO Model_Trainer.py:71 - Prediction Result of LogisticRegression is [[2.72387469e-01 7.27612531e-01]
 [4.41787954e-01 5.58212046e-01]
 [5.72684444e-01 4.27315556e-01]
 [3.01649451e-01 6.98350549e-01]
 [3.02842401e-01 6.97157599e-01]
 [8.62264910e-01 1.37735090e-01]
 [9.56501404e-01 4.34985964e-02]
 [9.76546735e-01 2.34532654e-02]
 [9.59013962e-01 4.09860383e-02]
 [9.94488102e-01 5.51189803e-03]
 [9.99401809e-01 5.98190971e-04]
 [2.04510033e-01 7.95489967e-01]
 [4.14499203e-02 9.58550080e-01]
 [4.14499203e-02 9.58550080e-01]
 [2.21302930e-01 7.78697070e-01]
 [1.12459735e-01 8.87540265e-01]
 [3.82306836e-02 9.61769316e-01]
 [3.29733050e-02 9.67026695e-01]
 [9.45665987e-02 9.05433401e-01]
 [7.46486171e-01 2.53513829e-01]
 [8.79247898e-01 1.20752102e-01]
 [8.45361854e-01 1.54638146e-01]
 [9.85951970e-01 1.40480298e-02]
 [9.96518330e-01 3.48167008e-03]
 [9.96518330e-01 3.48167008e-03]
 [4.61155187e-02 9.53884481e-01]
 [1.73510082e-01 8.26489918e-01]
 [9.72984166e-01 2.70158341e-02]
 [8.86534650e-01 1.13465350e-01]
 [9.29765796e-01 7.02342041e-02]
 [8.96967133e-01 1.03032867e-01]
 [9.56144519e-01 4.38554812e-02]
 [1.79748220e-01 8.20251780e-01]
 [7.68175730e-01 2.31824270e-01]
 [8.87636910e-03 9.91123631e-01]
 [2.95272759e-02 9.70472724e-01]
 [1.22290448e-02 9.87770955e-01]
 [3.76392488e-01 6.23607512e-01]]
2024-01-14 09:53:31 INFO Model_Trainer.py:71 - Prediction Result of MultinomialNB is [[0.87445152 0.12554848]
 [0.8930076  0.1069924 ]
 [0.90577733 0.09422267]
 [0.8518234  0.1481766 ]
 [0.90078075 0.09921925]
 [0.92054011 0.07945989]
 [0.90696328 0.09303672]
 [0.95101792 0.04898208]
 [0.95010452 0.04989548]
 [0.92617665 0.07382335]
 [0.96706171 0.03293829]
 [0.86713984 0.13286016]
 [0.64397906 0.35602094]
 [0.64397906 0.35602094]
 [0.87284798 0.12715202]
 [0.7434408  0.2565592 ]
 [0.7276621  0.2723379 ]
 [0.70360417 0.29639583]
 [0.67632937 0.32367063]
 [0.89058757 0.10941243]
 [0.94231536 0.05768464]
 [0.93252781 0.06747219]
 [0.92549043 0.07450957]
 [0.94826934 0.05173066]
 [0.94826934 0.05173066]
 [0.4913523  0.5086477 ]
 [0.83590507 0.16409493]
 [0.91631113 0.08368887]
 [0.91724245 0.08275755]
 [0.91913757 0.08086243]
 [0.90287055 0.09712945]
 [0.88679763 0.11320237]
 [0.76315572 0.23684428]
 [0.85373097 0.14626903]
 [0.26573758 0.73426242]
 [0.49593007 0.50406993]
 [0.69314612 0.30685388]
 [0.84284188 0.15715812]]
2024-01-14 09:53:31 INFO Model_Trainer.py:71 - Prediction Result of GaussianNB is [[7.94475508e-13 1.00000000e+00]
 [1.46596615e-08 9.99999985e-01]
 [6.43012530e-06 9.99993570e-01]
 [1.22375184e-12 1.00000000e+00]
 [3.88265946e-16 1.00000000e+00]
 [9.99962702e-01 3.72983560e-05]
 [1.00000000e+00 7.22581278e-14]
 [1.00000000e+00 1.78313522e-17]
 [1.00000000e+00 2.80597452e-13]
 [1.00000000e+00 9.46917588e-20]
 [1.00000000e+00 7.72956960e-36]
 [1.53606475e-15 1.00000000e+00]
 [1.09813982e-23 1.00000000e+00]
 [1.09813982e-23 1.00000000e+00]
 [7.51788231e-16 1.00000000e+00]
 [8.22041205e-18 1.00000000e+00]
 [2.40998669e-28 1.00000000e+00]
 [3.50697701e-29 1.00000000e+00]
 [1.08870931e-18 1.00000000e+00]
 [1.43532314e-03 9.98564677e-01]
 [9.99973441e-01 2.65592614e-05]
 [9.99964012e-01 3.59878246e-05]
 [1.00000000e+00 6.46959517e-18]
 [1.00000000e+00 8.04431516e-22]
 [1.00000000e+00 8.04431516e-22]
 [5.18976237e-23 1.00000000e+00]
 [3.16689418e-12 1.00000000e+00]
 [9.99999985e-01 1.45301083e-08]
 [9.99883440e-01 1.16559868e-04]
 [9.99992871e-01 7.12876362e-06]
 [9.99990795e-01 9.20471945e-06]
 [1.00000000e+00 1.44906529e-14]
 [6.06277899e-15 1.00000000e+00]
 [2.99042614e-06 9.99997010e-01]
 [1.69667268e-36 1.00000000e+00]
 [3.56287876e-26 1.00000000e+00]
 [3.46037997e-33 1.00000000e+00]
 [2.82343022e-04 9.99717657e-01]]
2024-01-14 09:53:31 INFO ResultEvaluator.py:29 - The Average Result: [[0.21115004 0.78884996]
 [0.22557802 0.77442198]
 [0.28898128 0.71101872]
 [0.20280387 0.79719613]
 [0.18269171 0.81730829]
 [0.50819161 0.49180839]
 [0.88893906 0.11106094]
 [0.94744091 0.05255909]
 [0.92332524 0.07667476]
 [0.97395784 0.02604216]
 [0.97904659 0.02095341]
 [0.21011226 0.78988774]
 [0.17266422 0.82733578]
 [0.17266422 0.82733578]
 [0.22121694 0.77878306]
 [0.18410888 0.81589112]
 [0.12726588 0.87273412]
 [0.14867876 0.85132124]
 [0.17120234 0.82879766]
 [0.56731824 0.43268176]
 [0.79880202 0.20119798]
 [0.79468134 0.20531866]
 [0.96909499 0.03090501]
 [0.97663816 0.02336184]
 [0.97663816 0.02336184]
 [0.10727344 0.89272656]
 [0.17801993 0.82198007]
 [0.89048127 0.10951872]
 [0.73434748 0.26565252]
 [0.86763059 0.13236941]
 [0.71922821 0.2807718 ]
 [0.87644321 0.12355679]
 [0.16343714 0.83656286]
 [0.73071373 0.26928627]
 [0.09553284 0.90446716]
 [0.10421803 0.89578197]
 [0.12076993 0.87923007]
 [0.21855397 0.78144603]]
2024-01-14 09:53:31 INFO ResultEvaluator.py:33 - The Maximum Value is: 0.904467158746267, and the Index is: 34
2024-01-14 09:53:33 INFO MongoConnect.py:13 - Pinged your deployment. You successfully connected to MongoDB!
2024-01-14 09:53:34 INFO ImageFindController.py:60 - ***** Finding Image Finished *****
2024-01-14 09:53:34 INFO ImageFindController.py:61 - Your position is near, Luxury Objects, Gamla

2024-01-14 09:53:36 INFO ImageFindController.py:49 - ***** Starting Finding Image *****
1it [00:00, ?it/s]
2024-01-14 09:53:36 INFO FeaturesExtractionService.py:106 - Type = <class 'numpy.ndarray'>
2024-01-14 09:53:36 INFO FeaturesExtractionService.py:107 - Shape of feature_list = (1, 512)
2024-01-14 09:53:36 INFO FeaturesExtractionService.py:108 - Time taken in sec = 0.17188262939453125
2024-01-14 09:53:36 INFO FeaturesExtractionService.py:109 - Image location: uploads/image/input_image.jpg
1/1 [==============================] - 0s 297ms/step
1it [00:00, ?it/s]
2024-01-14 09:53:37 INFO FeaturesExtractionService.py:106 - Type = <class 'numpy.ndarray'>
2024-01-14 09:53:37 INFO FeaturesExtractionService.py:107 - Shape of feature_list = (1, 2048)
2024-01-14 09:53:37 INFO FeaturesExtractionService.py:108 - Time taken in sec = 0.3905963897705078
2024-01-14 09:53:37 INFO FeaturesExtractionService.py:109 - Image location: uploads/image/input_image.jpg
2024-01-14 09:53:39 INFO MongoConnect.py:13 - Pinged your deployment. You successfully connected to MongoDB!
2024-01-14 09:53:45 INFO Model_Trainer.py:71 - Prediction Result of DecisionTreeClassifier is [[0. 1.]
 [0. 1.]
 [0. 1.]
 [0. 1.]
 [0. 1.]
 [0. 1.]
 [1. 0.]
 [1. 0.]
 [1. 0.]
 [1. 0.]
 [1. 0.]
 [0. 1.]
 [0. 1.]
 [0. 1.]
 [0. 1.]
 [0. 1.]
 [0. 1.]
 [0. 1.]
 [0. 1.]
 [1. 0.]
 [1. 0.]
 [1. 0.]
 [1. 0.]
 [1. 0.]
 [1. 0.]
 [0. 1.]
 [0. 1.]
 [1. 0.]
 [1. 0.]
 [1. 0.]
 [1. 0.]
 [1. 0.]
 [0. 1.]
 [1. 0.]
 [0. 1.]
 [0. 1.]
 [0. 1.]
 [0. 1.]]
2024-01-14 09:53:45 INFO Model_Trainer.py:71 - Prediction Result of RandomForestClassifier is [[0.18 0.82]
 [0.29 0.71]
 [0.23 0.77]
 [0.26 0.74]
 [0.21 0.79]
 [0.41 0.59]
 [0.59 0.41]
 [0.94 0.06]
 [0.76 0.24]
 [1.   0.  ]
 [1.   0.  ]
 [0.16 0.84]
 [0.11 0.89]
 [0.11 0.89]
 [0.25 0.75]
 [0.02 0.98]
 [0.04 0.96]
 [0.26 0.74]
 [0.08 0.92]
 [0.6  0.4 ]
 [0.77 0.23]
 [0.68 0.32]
 [1.   0.  ]
 [1.   0.  ]
 [1.   0.  ]
 [0.15 0.85]
 [0.21 0.79]
 [0.63 0.37]
 [0.99 0.01]
 [0.6  0.4 ]
 [0.66 0.34]
 [0.63 0.37]
 [0.14 0.86]
 [0.6  0.4 ]
 [0.2  0.8 ]
 [0.14 0.86]
 [0.07 0.93]
 [0.37 0.63]]
2024-01-14 09:53:45 INFO Model_Trainer.py:71 - Prediction Result of MLPClassifier is [[0.00000000e+000 1.00000000e+000]
 [0.00000000e+000 1.00000000e+000]
 [0.00000000e+000 1.00000000e+000]
 [0.00000000e+000 1.00000000e+000]
 [0.00000000e+000 1.00000000e+000]
 [0.00000000e+000 1.00000000e+000]
 [9.99987331e-001 1.26689551e-005]
 [1.00000000e+000 4.29533540e-023]
 [1.00000000e+000 1.66379616e-024]
 [1.00000000e+000 1.37369063e-025]
 [1.00000000e+000 1.33853791e-106]
 [0.00000000e+000 1.00000000e+000]
 [0.00000000e+000 1.00000000e+000]
 [0.00000000e+000 1.00000000e+000]
 [0.00000000e+000 1.00000000e+000]
 [0.00000000e+000 1.00000000e+000]
 [0.00000000e+000 1.00000000e+000]
 [0.00000000e+000 1.00000000e+000]
 [0.00000000e+000 1.00000000e+000]
 [0.00000000e+000 1.00000000e+000]
 [1.00000000e+000 2.29682663e-021]
 [1.00000000e+000 2.98605197e-017]
 [1.00000000e+000 3.04357706e-027]
 [1.00000000e+000 1.23574819e-086]
 [1.00000000e+000 1.23574819e-086]
 [0.00000000e+000 1.00000000e+000]
 [0.00000000e+000 1.00000000e+000]
 [1.00000000e+000 3.23028436e-023]
 [8.60323502e-008 9.99999914e-001]
 [9.99999997e-001 2.54183920e-009]
 [9.34659931e-006 9.99990653e-001]
 [1.00000000e+000 3.49810501e-023]
 [0.00000000e+000 1.00000000e+000]
 [9.99942082e-001 5.79177502e-005]
 [0.00000000e+000 1.00000000e+000]
 [0.00000000e+000 1.00000000e+000]
 [0.00000000e+000 1.00000000e+000]
 [0.00000000e+000 1.00000000e+000]]
2024-01-14 09:53:45 INFO Model_Trainer.py:71 - Prediction Result of KNeighborsClassifier is [[0.33333333 0.66666667]
 [0.         1.        ]
 [0.66666667 0.33333333]
 [0.33333333 0.66666667]
 [0.         1.        ]
 [1.         0.        ]
 [1.         0.        ]
 [1.         0.        ]
 [1.         0.        ]
 [1.         0.        ]
 [1.         0.        ]
 [0.33333333 0.66666667]
 [0.         1.        ]
 [0.         1.        ]
 [0.33333333 0.66666667]
 [0.         1.        ]
 [0.         1.        ]
 [0.         1.        ]
 [0.         1.        ]
 [0.66666667 0.33333333]
 [1.         0.        ]
 [1.         0.        ]
 [1.         0.        ]
 [1.         0.        ]
 [1.         0.        ]
 [0.         1.        ]
 [0.66666667 0.33333333]
 [1.         0.        ]
 [1.         0.        ]
 [1.         0.        ]
 [1.         0.        ]
 [1.         0.        ]
 [0.         1.        ]
 [1.         0.        ]
 [0.         1.        ]
 [0.         1.        ]
 [0.         1.        ]
 [0.66666667 0.33333333]]
2024-01-14 09:53:45 INFO Model_Trainer.py:71 - Prediction Result of AdaBoostClassifier is [[0.23659567 0.76340433]
 [0.20981504 0.79018496]
 [0.21475865 0.78524135]
 [0.27989523 0.72010477]
 [0.29489082 0.70510918]
 [0.24057189 0.75942811]
 [0.57951369 0.42048631]
 [0.66050497 0.33949503]
 [0.65283608 0.34716392]
 [0.84545541 0.15454459]
 [0.84545541 0.15454459]
 [0.25605083 0.74394917]
 [0.17020878 0.82979122]
 [0.17020878 0.82979122]
 [0.3073427  0.6926573 ]
 [0.2297049  0.7702951 ]
 [0.23614948 0.76385052]
 [0.18801272 0.81198728]
 [0.27718709 0.72281291]
 [0.47512751 0.52487249]
 [0.65117595 0.34882405]
 [0.66050497 0.33949503]
 [0.84545541 0.15454459]
 [0.84545541 0.15454459]
 [0.84545541 0.15454459]
 [0.22004276 0.77995724]
 [0.1904882  0.8095118 ]
 [0.62397707 0.37602293]
 [0.81632879 0.18367121]
 [0.59255839 0.40744161]
 [0.57951369 0.42048631]
 [0.59255839 0.40744161]
 [0.36327647 0.63672353]
 [0.41513442 0.58486558]
 [0.29760233 0.70239767]
 [0.19480307 0.80519693]
 [0.33225879 0.66774121]
 [0.23444566 0.76555434]]
2024-01-14 09:53:45 INFO Model_Trainer.py:71 - Prediction Result of XGBClassifier is [[2.5284290e-03 9.9747157e-01]
 [1.0776520e-03 9.9892235e-01]
 [1.1175275e-03 9.9888247e-01]
 [8.1694722e-03 9.9183053e-01]
 [7.4929595e-03 9.9250704e-01]
 [1.1516988e-02 9.8848301e-01]
 [9.0096235e-01 9.9037625e-02]
 [9.9913549e-01 8.6450396e-04]
 [9.9797285e-01 2.0271789e-03]
 [9.9950039e-01 4.9961056e-04]
 [9.9950039e-01 4.9961056e-04]
 [5.5514574e-03 9.9444854e-01]
 [1.2972236e-02 9.8702776e-01]
 [1.2972236e-02 9.8702776e-01]
 [2.5279224e-02 9.7472078e-01]
 [4.4445395e-03 9.9555546e-01]
 [1.9995391e-02 9.8000461e-01]
 [4.2047262e-02 9.5795274e-01]
 [1.2465000e-02 9.8753500e-01]
 [9.1747338e-01 8.2526609e-02]
 [9.9767035e-01 2.3296447e-03]
 [9.9725193e-01 2.7480768e-03]
 [9.9950039e-01 4.9961056e-04]
 [9.9950039e-01 4.9961056e-04]
 [9.9950039e-01 4.9961056e-04]
 [2.8239489e-03 9.9717605e-01]
 [2.6260614e-03 9.9737394e-01]
 [9.0096235e-01 9.9037625e-02]
 [9.9950039e-01 4.9961056e-04]
 [9.1747338e-01 8.2526609e-02]
 [9.0096235e-01 9.9037625e-02]
 [9.1747338e-01 8.2526609e-02]
 [9.9125504e-03 9.9008745e-01]
 [6.9768506e-01 3.0231494e-01]
 [8.6380839e-02 9.1361916e-01]
 [1.1421442e-03 9.9885786e-01]
 [8.5640550e-03 9.9143595e-01]
 [2.8133988e-03 9.9718660e-01]]
2024-01-14 09:53:45 INFO Model_Trainer.py:71 - Prediction Result of LogisticRegression is [[3.21353007e-01 6.78646993e-01]
 [4.69871893e-01 5.30128107e-01]
 [5.27684325e-01 4.72315675e-01]
 [4.05924550e-01 5.94075450e-01]
 [3.55372237e-01 6.44627763e-01]
 [8.04208377e-01 1.95791623e-01]
 [9.59859763e-01 4.01402375e-02]
 [9.73988586e-01 2.60114137e-02]
 [9.74398315e-01 2.56016855e-02]
 [9.93495352e-01 6.50464781e-03]
 [9.99418251e-01 5.81748527e-04]
 [1.74060438e-01 8.25939562e-01]
 [6.88919665e-02 9.31108034e-01]
 [6.88919665e-02 9.31108034e-01]
 [2.74834012e-01 7.25165988e-01]
 [1.84937558e-01 8.15062442e-01]
 [1.41977711e-01 8.58022289e-01]
 [9.55188093e-02 9.04481191e-01]
 [1.24767210e-01 8.75232790e-01]
 [8.36048131e-01 1.63951869e-01]
 [9.55017467e-01 4.49825333e-02]
 [8.97705808e-01 1.02294192e-01]
 [9.91025407e-01 8.97459343e-03]
 [9.98337607e-01 1.66239278e-03]
 [9.98337607e-01 1.66239278e-03]
 [3.14253864e-01 6.85746136e-01]
 [5.23871672e-01 4.76128328e-01]
 [9.71749240e-01 2.82507604e-02]
 [9.74104068e-01 2.58959321e-02]
 [9.54735576e-01 4.52644236e-02]
 [9.70693292e-01 2.93067076e-02]
 [9.70515231e-01 2.94847688e-02]
 [4.61441309e-02 9.53855869e-01]
 [8.42072848e-01 1.57927152e-01]
 [4.99292994e-03 9.95007070e-01]
 [3.91715611e-01 6.08284389e-01]
 [2.81926660e-02 9.71807334e-01]
 [6.60330886e-01 3.39669114e-01]]
2024-01-14 09:53:45 INFO Model_Trainer.py:71 - Prediction Result of MultinomialNB is [[0.88286681 0.11713319]
 [0.90170312 0.09829688]
 [0.90488728 0.09511272]
 [0.89687085 0.10312915]
 [0.90933801 0.09066199]
 [0.91557054 0.08442946]
 [0.9087188  0.0912812 ]
 [0.94841316 0.05158684]
 [0.95479568 0.04520432]
 [0.92353022 0.07646978]
 [0.96710816 0.03289184]
 [0.8634921  0.1365079 ]
 [0.73702381 0.26297619]
 [0.73702381 0.26297619]
 [0.88639394 0.11360606]
 [0.81113027 0.18886973]
 [0.82113728 0.17886272]
 [0.85932668 0.14067332]
 [0.73755796 0.26244204]
 [0.90378988 0.09621012]
 [0.95354609 0.04645391]
 [0.9387532  0.0612468 ]
 [0.93402428 0.06597572]
 [0.95502569 0.04497431]
 [0.95502569 0.04497431]
 [0.88602807 0.11397193]
 [0.91615983 0.08384017]
 [0.91191487 0.08808513]
 [0.9417928  0.0582072 ]
 [0.9256886  0.0743114 ]
 [0.92456851 0.07543149]
 [0.89739038 0.10260962]
 [0.51113623 0.48886377]
 [0.87227301 0.12772699]
 [0.24528055 0.75471945]
 [0.90187628 0.09812372]
 [0.76955035 0.23044965]
 [0.883298   0.116702  ]]
2024-01-14 09:53:45 INFO Model_Trainer.py:71 - Prediction Result of GaussianNB is [[8.72489460e-12 1.00000000e+00]
 [3.02440376e-08 9.99999970e-01]
 [5.91262502e-07 9.99999409e-01]
 [4.92503898e-11 1.00000000e+00]
 [1.73632335e-15 1.00000000e+00]
 [9.96085539e-01 3.91446063e-03]
 [1.00000000e+00 1.36446536e-14]
 [1.00000000e+00 2.71636847e-16]
 [1.00000000e+00 7.49884475e-16]
 [1.00000000e+00 3.46142406e-19]
 [1.00000000e+00 9.04575366e-36]
 [3.62800729e-17 1.00000000e+00]
 [6.43237370e-23 1.00000000e+00]
 [6.43237370e-23 1.00000000e+00]
 [1.05749361e-14 1.00000000e+00]
 [1.64801845e-15 1.00000000e+00]
 [3.23984493e-20 1.00000000e+00]
 [1.41227623e-25 1.00000000e+00]
 [5.15848767e-18 1.00000000e+00]
 [3.18819766e-01 6.81180234e-01]
 [1.00000000e+00 5.55863146e-11]
 [9.99999871e-01 1.28762786e-07]
 [1.00000000e+00 1.11644183e-21]
 [1.00000000e+00 1.13264447e-25]
 [1.00000000e+00 1.13264447e-25]
 [2.27700643e-11 1.00000000e+00]
 [8.22327120e-03 9.91776729e-01]
 [9.99999936e-01 6.37821969e-08]
 [1.00000000e+00 2.11988194e-14]
 [9.99999985e-01 1.54452838e-08]
 [1.00000000e+00 1.56322252e-13]
 [1.00000000e+00 4.68761955e-17]
 [4.57251514e-25 1.00000000e+00]
 [5.53139279e-04 9.99446861e-01]
 [7.15351789e-40 1.00000000e+00]
 [1.70755984e-09 9.99999998e-01]
 [3.76612281e-28 1.00000000e+00]
 [9.99226854e-01 7.73146455e-04]]
2024-01-14 09:53:45 INFO ResultEvaluator.py:29 - The Average Result: [[0.21740858 0.78259142]
 [0.20805197 0.79194803]
 [0.28279056 0.71720944]
 [0.24268816 0.75731184]
 [0.19745489 0.80254511]
 [0.48643926 0.51356074]
 [0.88211577 0.11788423]
 [0.94689358 0.05310642]
 [0.92666699 0.07333301]
 [0.97355349 0.02644651]
 [0.97905358 0.02094642]
 [0.19916535 0.80083465]
 [0.12212187 0.87787813]
 [0.12212187 0.87787813]
 [0.23079813 0.76920187]
 [0.13891303 0.86108697]
 [0.13991776 0.86008224]
 [0.16054505 0.83945495]
 [0.13688636 0.86311364]
 [0.63532504 0.36467496]
 [0.92526776 0.07473224]
 [0.9082462  0.0917538 ]
 [0.97444505 0.02555495]
 [0.97759101 0.02240899]
 [0.97759101 0.02240899]
 [0.17479429 0.82520571]
 [0.27978174 0.72021826]
 [0.89317816 0.10682183]
 [0.85796957 0.14203043]
 [0.88782844 0.11217156]
 [0.78174969 0.21825031]
 [0.88977082 0.11022918]
 [0.11894104 0.88105896]
 [0.71418451 0.28581549]
 [0.09269518 0.90730482]
 [0.18105968 0.81894032]
 [0.1342851  0.8657149 ]
 [0.42408683 0.57591317]]
2024-01-14 09:53:45 INFO ResultEvaluator.py:33 - The Maximum Value is: 0.9073048161070041, and the Index is: 34
2024-01-14 09:53:48 INFO MongoConnect.py:13 - Pinged your deployment. You successfully connected to MongoDB!
2024-01-14 09:53:48 INFO ImageFindController.py:60 - ***** Finding Image Finished *****
2024-01-14 09:53:48 INFO ImageFindController.py:61 - Your position is near, Luxury Objects, Gamla

2024-01-14 09:53:50 INFO ImageFindController.py:49 - ***** Starting Finding Image *****
1it [00:00, ?it/s]
2024-01-14 09:53:50 INFO FeaturesExtractionService.py:106 - Type = <class 'numpy.ndarray'>
2024-01-14 09:53:50 INFO FeaturesExtractionService.py:107 - Shape of feature_list = (1, 512)
2024-01-14 09:53:50 INFO FeaturesExtractionService.py:108 - Time taken in sec = 0.1562509536743164
2024-01-14 09:53:50 INFO FeaturesExtractionService.py:109 - Image location: uploads/image/input_image.jpg
1/1 [==============================] - 0s 297ms/step
1it [00:00, ?it/s]
2024-01-14 09:53:51 INFO FeaturesExtractionService.py:106 - Type = <class 'numpy.ndarray'>
2024-01-14 09:53:51 INFO FeaturesExtractionService.py:107 - Shape of feature_list = (1, 2048)
2024-01-14 09:53:51 INFO FeaturesExtractionService.py:108 - Time taken in sec = 0.4062314033508301
2024-01-14 09:53:51 INFO FeaturesExtractionService.py:109 - Image location: uploads/image/input_image.jpg
2024-01-14 09:53:53 INFO MongoConnect.py:13 - Pinged your deployment. You successfully connected to MongoDB!
2024-01-14 09:53:59 INFO Model_Trainer.py:71 - Prediction Result of DecisionTreeClassifier is [[0. 1.]
 [0. 1.]
 [0. 1.]
 [0. 1.]
 [0. 1.]
 [0. 1.]
 [1. 0.]
 [1. 0.]
 [1. 0.]
 [1. 0.]
 [1. 0.]
 [0. 1.]
 [0. 1.]
 [0. 1.]
 [0. 1.]
 [0. 1.]
 [0. 1.]
 [0. 1.]
 [0. 1.]
 [1. 0.]
 [1. 0.]
 [1. 0.]
 [1. 0.]
 [1. 0.]
 [1. 0.]
 [0. 1.]
 [0. 1.]
 [1. 0.]
 [1. 0.]
 [1. 0.]
 [1. 0.]
 [1. 0.]
 [0. 1.]
 [1. 0.]
 [0. 1.]
 [0. 1.]
 [0. 1.]
 [0. 1.]]
2024-01-14 09:53:59 INFO Model_Trainer.py:71 - Prediction Result of RandomForestClassifier is [[0.15 0.85]
 [0.24 0.76]
 [0.19 0.81]
 [0.15 0.85]
 [0.24 0.76]
 [0.38 0.62]
 [0.63 0.37]
 [1.   0.  ]
 [0.77 0.23]
 [1.   0.  ]
 [1.   0.  ]
 [0.17 0.83]
 [0.12 0.88]
 [0.12 0.88]
 [0.26 0.74]
 [0.15 0.85]
 [0.05 0.95]
 [0.13 0.87]
 [0.15 0.85]
 [0.53 0.47]
 [0.77 0.23]
 [0.76 0.24]
 [1.   0.  ]
 [1.   0.  ]
 [1.   0.  ]
 [0.03 0.97]
 [0.28 0.72]
 [0.61 0.39]
 [1.   0.  ]
 [0.6  0.4 ]
 [0.72 0.28]
 [1.   0.  ]
 [0.1  0.9 ]
 [0.59 0.41]
 [0.17 0.83]
 [0.21 0.79]
 [0.08 0.92]
 [0.36 0.64]]
2024-01-14 09:53:59 INFO Model_Trainer.py:71 - Prediction Result of MLPClassifier is [[0.00000000e+000 1.00000000e+000]
 [0.00000000e+000 1.00000000e+000]
 [0.00000000e+000 1.00000000e+000]
 [0.00000000e+000 1.00000000e+000]
 [0.00000000e+000 1.00000000e+000]
 [0.00000000e+000 1.00000000e+000]
 [9.99999997e-001 3.48226185e-009]
 [1.00000000e+000 4.75523344e-030]
 [1.00000000e+000 4.56362308e-038]
 [1.00000000e+000 2.04118554e-039]
 [1.00000000e+000 4.91834169e-105]
 [0.00000000e+000 1.00000000e+000]
 [0.00000000e+000 1.00000000e+000]
 [0.00000000e+000 1.00000000e+000]
 [0.00000000e+000 1.00000000e+000]
 [0.00000000e+000 1.00000000e+000]
 [0.00000000e+000 1.00000000e+000]
 [0.00000000e+000 1.00000000e+000]
 [0.00000000e+000 1.00000000e+000]
 [0.00000000e+000 1.00000000e+000]
 [1.00000000e+000 3.01982415e-024]
 [1.00000000e+000 8.16049332e-026]
 [1.00000000e+000 2.56103718e-043]
 [1.00000000e+000 5.14679003e-089]
 [1.00000000e+000 5.14679003e-089]
 [0.00000000e+000 1.00000000e+000]
 [0.00000000e+000 1.00000000e+000]
 [1.00000000e+000 3.29807041e-019]
 [1.00000000e+000 5.33659870e-015]
 [9.93515733e-001 6.48426734e-003]
 [1.06868256e-002 9.89313174e-001]
 [1.00000000e+000 1.12741404e-027]
 [0.00000000e+000 1.00000000e+000]
 [1.00000000e+000 7.36212545e-012]
 [0.00000000e+000 1.00000000e+000]
 [0.00000000e+000 1.00000000e+000]
 [0.00000000e+000 1.00000000e+000]
 [0.00000000e+000 1.00000000e+000]]
2024-01-14 09:53:59 INFO Model_Trainer.py:71 - Prediction Result of KNeighborsClassifier is [[0.66666667 0.33333333]
 [0.66666667 0.33333333]
 [0.33333333 0.66666667]
 [0.66666667 0.33333333]
 [0.33333333 0.66666667]
 [1.         0.        ]
 [1.         0.        ]
 [1.         0.        ]
 [1.         0.        ]
 [1.         0.        ]
 [1.         0.        ]
 [0.         1.        ]
 [0.33333333 0.66666667]
 [0.33333333 0.66666667]
 [0.66666667 0.33333333]
 [0.33333333 0.66666667]
 [0.33333333 0.66666667]
 [0.         1.        ]
 [0.33333333 0.66666667]
 [0.66666667 0.33333333]
 [1.         0.        ]
 [1.         0.        ]
 [1.         0.        ]
 [1.         0.        ]
 [1.         0.        ]
 [0.         1.        ]
 [0.66666667 0.33333333]
 [1.         0.        ]
 [1.         0.        ]
 [1.         0.        ]
 [1.         0.        ]
 [1.         0.        ]
 [0.         1.        ]
 [1.         0.        ]
 [0.         1.        ]
 [0.         1.        ]
 [0.         1.        ]
 [0.66666667 0.33333333]]
2024-01-14 09:53:59 INFO Model_Trainer.py:71 - Prediction Result of AdaBoostClassifier is [[0.23563342 0.76436658]
 [0.20390037 0.79609963]
 [0.22198238 0.77801762]
 [0.26032396 0.73967604]
 [0.26259222 0.73740778]
 [0.39367677 0.60632323]
 [0.5675628  0.4324372 ]
 [0.66050497 0.33949503]
 [0.65283608 0.34716392]
 [0.84545541 0.15454459]
 [0.84545541 0.15454459]
 [0.27081439 0.72918561]
 [0.18062786 0.81937214]
 [0.18062786 0.81937214]
 [0.22043122 0.77956878]
 [0.2220938  0.7779062 ]
 [0.23614948 0.76385052]
 [0.20533351 0.79466649]
 [0.23833495 0.76166505]
 [0.50322322 0.49677678]
 [0.65117595 0.34882405]
 [0.66050497 0.33949503]
 [0.84545541 0.15454459]
 [0.84545541 0.15454459]
 [0.84545541 0.15454459]
 [0.23265705 0.76734295]
 [0.18339387 0.81660613]
 [0.61244477 0.38755523]
 [0.8209121  0.1790879 ]
 [0.59255839 0.40744161]
 [0.57951369 0.42048631]
 [0.8209121  0.1790879 ]
 [0.32580268 0.67419732]
 [0.45145763 0.54854237]
 [0.27880079 0.72119921]
 [0.20447256 0.79552744]
 [0.22728045 0.77271955]
 [0.36221351 0.63778649]]
2024-01-14 09:53:59 INFO Model_Trainer.py:71 - Prediction Result of XGBClassifier is [[2.5284290e-03 9.9747157e-01]
 [1.0121465e-03 9.9898785e-01]
 [7.6973438e-04 9.9923027e-01]
 [5.1109195e-03 9.9488908e-01]
 [7.8621507e-03 9.9213785e-01]
 [9.2920065e-03 9.9070799e-01]
 [9.1747338e-01 8.2526609e-02]
 [9.9913549e-01 8.6450396e-04]
 [9.9797285e-01 2.0271789e-03]
 [9.9950039e-01 4.9961056e-04]
 [9.9950039e-01 4.9961056e-04]
 [5.3419471e-02 9.4658053e-01]
 [1.5990734e-02 9.8400927e-01]
 [1.5990734e-02 9.8400927e-01]
 [1.8304825e-02 9.8169518e-01]
 [3.5976171e-03 9.9640238e-01]
 [1.9995391e-02 9.8000461e-01]
 [5.9488714e-02 9.4051129e-01]
 [8.9285374e-03 9.9107146e-01]
 [8.8597536e-01 1.1402463e-01]
 [9.9767035e-01 2.3296447e-03]
 [9.9725193e-01 2.7480768e-03]
 [9.9950039e-01 4.9961056e-04]
 [9.9950039e-01 4.9961056e-04]
 [9.9950039e-01 4.9961056e-04]
 [3.4893155e-03 9.9651068e-01]
 [2.6260614e-03 9.9737394e-01]
 [9.1747338e-01 8.2526609e-02]
 [9.9950039e-01 4.9961056e-04]
 [9.1747338e-01 8.2526609e-02]
 [9.5141500e-01 4.8585005e-02]
 [9.9950039e-01 4.9961056e-04]
 [7.0953965e-03 9.9290460e-01]
 [7.8507411e-01 2.1492589e-01]
 [8.6380839e-02 9.1361916e-01]
 [3.9163828e-03 9.9608362e-01]
 [3.8037300e-03 9.9619627e-01]
 [2.8133988e-03 9.9718660e-01]]
2024-01-14 09:53:59 INFO Model_Trainer.py:71 - Prediction Result of LogisticRegression is [[4.10210531e-01 5.89789469e-01]
 [4.96786117e-01 5.03213883e-01]
 [5.77937347e-01 4.22062653e-01]
 [3.87796528e-01 6.12203472e-01]
 [4.02397192e-01 5.97602808e-01]
 [7.71914144e-01 2.28085856e-01]
 [9.53522814e-01 4.64771862e-02]
 [9.83648148e-01 1.63518524e-02]
 [9.83876153e-01 1.61238467e-02]
 [9.96158471e-01 3.84152908e-03]
 [9.99269475e-01 7.30525190e-04]
 [1.14145448e-01 8.85854552e-01]
 [7.50779075e-02 9.24922093e-01]
 [7.50779075e-02 9.24922093e-01]
 [3.62884829e-01 6.37115171e-01]
 [3.18772287e-01 6.81227713e-01]
 [2.56430038e-01 7.43569962e-01]
 [1.81412624e-01 8.18587376e-01]
 [2.39781904e-01 7.60218096e-01]
 [8.21052440e-01 1.78947560e-01]
 [9.63285467e-01 3.67145334e-02]
 [9.28144554e-01 7.18554464e-02]
 [9.92760448e-01 7.23955189e-03]
 [9.98211293e-01 1.78870726e-03]
 [9.98211293e-01 1.78870726e-03]
 [2.40061874e-01 7.59938126e-01]
 [4.94519910e-01 5.05480090e-01]
 [9.58157105e-01 4.18428952e-02]
 [9.83596957e-01 1.64030426e-02]
 [9.44020674e-01 5.59793264e-02]
 [9.67559863e-01 3.24401371e-02]
 [9.77308534e-01 2.26914660e-02]
 [5.28599427e-02 9.47140057e-01]
 [9.16849202e-01 8.31507981e-02]
 [4.96129881e-03 9.95038701e-01]
 [3.97073343e-01 6.02926657e-01]
 [4.52210369e-02 9.54778963e-01]
 [7.47675716e-01 2.52324284e-01]]
2024-01-14 09:53:59 INFO Model_Trainer.py:71 - Prediction Result of MultinomialNB is [[0.8834322  0.1165678 ]
 [0.8999795  0.1000205 ]
 [0.90340095 0.09659905]
 [0.88908321 0.11091679]
 [0.89913242 0.10086758]
 [0.91135828 0.08864172]
 [0.90512065 0.09487935]
 [0.95237428 0.04762572]
 [0.95650771 0.04349229]
 [0.93078005 0.06921995]
 [0.96828894 0.03171106]
 [0.77853263 0.22146737]
 [0.63867425 0.36132575]
 [0.63867425 0.36132575]
 [0.88665506 0.11334494]
 [0.87951828 0.12048172]
 [0.85555244 0.14444756]
 [0.81180103 0.18819897]
 [0.85579203 0.14420797]
 [0.90296254 0.09703746]
 [0.95246479 0.04753521]
 [0.94226969 0.05773031]
 [0.93443923 0.06556077]
 [0.95752577 0.04247423]
 [0.95752577 0.04247423]
 [0.85146121 0.14853879]
 [0.9094408  0.0905592 ]
 [0.91248341 0.08751659]
 [0.93905739 0.06094261]
 [0.92436207 0.07563793]
 [0.9215055  0.0784945 ]
 [0.90399186 0.09600814]
 [0.67184249 0.32815751]
 [0.88380787 0.11619213]
 [0.2437553  0.7562447 ]
 [0.90024    0.09976   ]
 [0.83645034 0.16354966]
 [0.88254895 0.11745105]]
2024-01-14 09:53:59 INFO Model_Trainer.py:71 - Prediction Result of GaussianNB is [[1.43487355e-09 9.99999999e-01]
 [1.51115319e-07 9.99999849e-01]
 [7.75950359e-07 9.99999224e-01]
 [5.56447935e-11 1.00000000e+00]
 [1.43617732e-11 1.00000000e+00]
 [7.51790877e-01 2.48209123e-01]
 [1.00000000e+00 8.35557817e-13]
 [1.00000000e+00 4.02616239e-18]
 [1.00000000e+00 1.64942085e-17]
 [1.00000000e+00 1.52133605e-22]
 [1.00000000e+00 4.78450338e-35]
 [3.66228605e-19 1.00000000e+00]
 [7.36035176e-21 1.00000000e+00]
 [7.36035176e-21 1.00000000e+00]
 [1.30486005e-11 1.00000000e+00]
 [1.66722931e-12 1.00000000e+00]
 [6.36655116e-15 1.00000000e+00]
 [3.16165792e-17 1.00000000e+00]
 [1.61221550e-14 1.00000000e+00]
 [6.63073024e-02 9.33692698e-01]
 [1.00000000e+00 1.81967469e-12]
 [1.00000000e+00 1.11177482e-10]
 [1.00000000e+00 1.04778499e-24]
 [1.00000000e+00 5.71240649e-26]
 [1.00000000e+00 5.71240649e-26]
 [3.51306632e-13 1.00000000e+00]
 [1.15251361e-03 9.98847486e-01]
 [9.99999057e-01 9.42614148e-07]
 [1.00000000e+00 5.15439146e-16]
 [9.99999954e-01 4.59187025e-08]
 [1.00000000e+00 4.68082932e-14]
 [1.00000000e+00 5.87487784e-20]
 [1.17254805e-22 1.00000000e+00]
 [9.79443911e-01 2.05560889e-02]
 [5.44201201e-40 1.00000000e+00]
 [2.73308845e-09 9.99999997e-01]
 [5.00969194e-27 1.00000000e+00]
 [9.99989020e-01 1.09799648e-05]]
2024-01-14 09:53:59 INFO ResultEvaluator.py:29 - The Average Result: [[0.26094125 0.73905875]
 [0.27870499 0.72129501]
 [0.24749161 0.75250839]
 [0.26210903 0.73789097]
 [0.23836859 0.76163141]
 [0.46867023 0.53132977]
 [0.8859644  0.11403559]
 [0.95507365 0.04492634]
 [0.92902142 0.07097858]
 [0.97465492 0.02534508]
 [0.97916825 0.02083175]
 [0.15410133 0.84589867]
 [0.15152268 0.84847732]
 [0.15152268 0.84847732]
 [0.26832696 0.73167304]
 [0.21192392 0.78807608]
 [0.19460674 0.80539326]
 [0.15422621 0.84577379]
 [0.20290786 0.79709214]
 [0.59735417 0.40264583]
 [0.92606628 0.07393372]
 [0.9209079  0.0790921 ]
 [0.97468394 0.02531606]
 [0.97785476 0.02214524]
 [0.97785476 0.02214524]
 [0.15085216 0.84914784]
 [0.28197776 0.71802224]
 [0.89006197 0.10993803]
 [0.97145187 0.02854813]
 [0.88577002 0.11422998]
 [0.7945201  0.2054799 ]
 [0.96685699 0.03314301]
 [0.12862228 0.87137772]
 [0.84518141 0.15481859]
 [0.0870998  0.9129002 ]
 [0.19063359 0.80936641]
 [0.13252839 0.86747161]
 [0.44687858 0.55312142]]
2024-01-14 09:53:59 INFO ResultEvaluator.py:33 - The Maximum Value is: 0.9129001974457552, and the Index is: 34
2024-01-14 09:54:02 INFO MongoConnect.py:13 - Pinged your deployment. You successfully connected to MongoDB!
2024-01-14 09:54:02 INFO ImageFindController.py:60 - ***** Finding Image Finished *****
2024-01-14 09:54:02 INFO ImageFindController.py:61 - Your position is near, Luxury Objects, Gamla

2024-01-14 09:54:13 INFO ImageFindController.py:49 - ***** Starting Finding Image *****
1it [00:00, ?it/s]
2024-01-14 09:54:13 INFO FeaturesExtractionService.py:106 - Type = <class 'numpy.ndarray'>
2024-01-14 09:54:13 INFO FeaturesExtractionService.py:107 - Shape of feature_list = (1, 512)
2024-01-14 09:54:13 INFO FeaturesExtractionService.py:108 - Time taken in sec = 0.20311498641967773
2024-01-14 09:54:13 INFO FeaturesExtractionService.py:109 - Image location: uploads/image/input_image.jpg
1/1 [==============================] - 0s 297ms/step
1it [00:00, ?it/s]
2024-01-14 09:54:13 INFO FeaturesExtractionService.py:106 - Type = <class 'numpy.ndarray'>
2024-01-14 09:54:13 INFO FeaturesExtractionService.py:107 - Shape of feature_list = (1, 2048)
2024-01-14 09:54:13 INFO FeaturesExtractionService.py:108 - Time taken in sec = 0.4062378406524658
2024-01-14 09:54:13 INFO FeaturesExtractionService.py:109 - Image location: uploads/image/input_image.jpg
2024-01-14 09:54:16 INFO MongoConnect.py:13 - Pinged your deployment. You successfully connected to MongoDB!
2024-01-14 09:54:22 INFO Model_Trainer.py:71 - Prediction Result of DecisionTreeClassifier is [[0. 1.]
 [0. 1.]
 [0. 1.]
 [0. 1.]
 [0. 1.]
 [0. 1.]
 [1. 0.]
 [1. 0.]
 [1. 0.]
 [1. 0.]
 [1. 0.]
 [0. 1.]
 [0. 1.]
 [0. 1.]
 [0. 1.]
 [0. 1.]
 [0. 1.]
 [0. 1.]
 [0. 1.]
 [0. 1.]
 [1. 0.]
 [1. 0.]
 [1. 0.]
 [1. 0.]
 [1. 0.]
 [0. 1.]
 [0. 1.]
 [1. 0.]
 [1. 0.]
 [1. 0.]
 [1. 0.]
 [1. 0.]
 [1. 0.]
 [1. 0.]
 [0. 1.]
 [1. 0.]
 [0. 1.]
 [0. 1.]]
2024-01-14 09:54:22 INFO Model_Trainer.py:71 - Prediction Result of RandomForestClassifier is [[0.34 0.66]
 [0.28 0.72]
 [0.35 0.65]
 [0.24 0.76]
 [0.22 0.78]
 [0.3  0.7 ]
 [0.57 0.43]
 [1.   0.  ]
 [1.   0.  ]
 [1.   0.  ]
 [1.   0.  ]
 [0.04 0.96]
 [0.16 0.84]
 [0.16 0.84]
 [0.19 0.81]
 [0.16 0.84]
 [0.16 0.84]
 [0.19 0.81]
 [0.14 0.86]
 [0.41 0.59]
 [0.83 0.17]
 [0.73 0.27]
 [1.   0.  ]
 [1.   0.  ]
 [1.   0.  ]
 [0.12 0.88]
 [0.23 0.77]
 [0.6  0.4 ]
 [0.96 0.04]
 [0.59 0.41]
 [0.7  0.3 ]
 [0.66 0.34]
 [0.34 0.66]
 [0.58 0.42]
 [0.2  0.8 ]
 [0.37 0.63]
 [0.17 0.83]
 [0.39 0.61]]
2024-01-14 09:54:22 INFO Model_Trainer.py:71 - Prediction Result of MLPClassifier is [[0.00000000e+000 1.00000000e+000]
 [0.00000000e+000 1.00000000e+000]
 [0.00000000e+000 1.00000000e+000]
 [0.00000000e+000 1.00000000e+000]
 [0.00000000e+000 1.00000000e+000]
 [0.00000000e+000 1.00000000e+000]
 [1.00000000e+000 1.38982751e-018]
 [1.00000000e+000 4.93469206e-058]
 [1.00000000e+000 3.12331961e-069]
 [1.00000000e+000 2.58159566e-050]
 [1.00000000e+000 4.93121001e-102]
 [0.00000000e+000 1.00000000e+000]
 [0.00000000e+000 1.00000000e+000]
 [0.00000000e+000 1.00000000e+000]
 [0.00000000e+000 1.00000000e+000]
 [0.00000000e+000 1.00000000e+000]
 [0.00000000e+000 1.00000000e+000]
 [0.00000000e+000 1.00000000e+000]
 [0.00000000e+000 1.00000000e+000]
 [1.72697973e-008 9.99999983e-001]
 [1.00000000e+000 5.99135218e-053]
 [1.00000000e+000 4.10467229e-020]
 [1.00000000e+000 1.78535586e-047]
 [1.00000000e+000 4.74949131e-091]
 [1.00000000e+000 4.74949131e-091]
 [0.00000000e+000 1.00000000e+000]
 [0.00000000e+000 1.00000000e+000]
 [9.99999880e-001 1.20352965e-007]
 [2.15800540e-008 9.99999978e-001]
 [9.58085032e-001 4.19149677e-002]
 [9.63729945e-001 3.62700549e-002]
 [1.00000000e+000 2.67878090e-034]
 [0.00000000e+000 1.00000000e+000]
 [1.00000000e+000 1.77999569e-018]
 [0.00000000e+000 1.00000000e+000]
 [0.00000000e+000 1.00000000e+000]
 [0.00000000e+000 1.00000000e+000]
 [0.00000000e+000 1.00000000e+000]]
2024-01-14 09:54:22 INFO Model_Trainer.py:71 - Prediction Result of KNeighborsClassifier is [[0.66666667 0.33333333]
 [0.33333333 0.66666667]
 [0.33333333 0.66666667]
 [0.66666667 0.33333333]
 [0.33333333 0.66666667]
 [0.66666667 0.33333333]
 [1.         0.        ]
 [1.         0.        ]
 [1.         0.        ]
 [1.         0.        ]
 [1.         0.        ]
 [0.         1.        ]
 [0.33333333 0.66666667]
 [0.33333333 0.66666667]
 [0.         1.        ]
 [0.33333333 0.66666667]
 [0.         1.        ]
 [0.         1.        ]
 [0.33333333 0.66666667]
 [1.         0.        ]
 [1.         0.        ]
 [1.         0.        ]
 [1.         0.        ]
 [1.         0.        ]
 [1.         0.        ]
 [0.         1.        ]
 [0.66666667 0.33333333]
 [1.         0.        ]
 [1.         0.        ]
 [1.         0.        ]
 [1.         0.        ]
 [1.         0.        ]
 [0.         1.        ]
 [1.         0.        ]
 [0.         1.        ]
 [0.66666667 0.33333333]
 [0.         1.        ]
 [1.         0.        ]]
2024-01-14 09:54:22 INFO Model_Trainer.py:71 - Prediction Result of AdaBoostClassifier is [[0.21463543 0.78536457]
 [0.21897494 0.78102506]
 [0.26071664 0.73928336]
 [0.29264503 0.70735497]
 [0.26592249 0.73407751]
 [0.22264858 0.77735142]
 [0.5675628  0.4324372 ]
 [0.66050497 0.33949503]
 [0.74828533 0.25171467]
 [0.84545541 0.15454459]
 [0.84545541 0.15454459]
 [0.22996998 0.77003002]
 [0.21461422 0.78538578]
 [0.21461422 0.78538578]
 [0.26477489 0.73522511]
 [0.23930479 0.76069521]
 [0.24651858 0.75348142]
 [0.19462351 0.80537649]
 [0.33997683 0.66002317]
 [0.2948767  0.7051233 ]
 [0.66857124 0.33142876]
 [0.66050497 0.33949503]
 [0.84545541 0.15454459]
 [0.84545541 0.15454459]
 [0.84545541 0.15454459]
 [0.21343616 0.78656384]
 [0.1904882  0.8095118 ]
 [0.55997114 0.44002886]
 [0.81632879 0.18367121]
 [0.39082087 0.60917913]
 [0.57951369 0.42048631]
 [0.60430011 0.39569989]
 [0.40507652 0.59492348]
 [0.48482974 0.51517026]
 [0.34808651 0.65191349]
 [0.25651844 0.74348156]
 [0.20812847 0.79187153]
 [0.26115369 0.73884631]]
2024-01-14 09:54:22 INFO Model_Trainer.py:71 - Prediction Result of XGBClassifier is [[2.2208095e-03 9.9777919e-01]
 [1.0123849e-03 9.9898762e-01]
 [1.5858412e-03 9.9841416e-01]
 [7.8498125e-03 9.9215019e-01]
 [6.7464709e-03 9.9325353e-01]
 [2.9588342e-03 9.9704117e-01]
 [9.1747338e-01 8.2526609e-02]
 [9.9889857e-01 1.1014490e-03]
 [9.9918783e-01 8.1215607e-04]
 [9.9950039e-01 4.9961056e-04]
 [9.9950039e-01 4.9961056e-04]
 [4.4445395e-03 9.9555546e-01]
 [1.0085940e-02 9.8991406e-01]
 [1.0085940e-02 9.8991406e-01]
 [9.3672276e-03 9.9063277e-01]
 [3.5976171e-03 9.9640238e-01]
 [8.6798072e-03 9.9132019e-01]
 [1.2618363e-02 9.8738164e-01]
 [2.5316894e-02 9.7468311e-01]
 [7.7982843e-02 9.2201716e-01]
 [9.9797285e-01 2.0271789e-03]
 [9.9889857e-01 1.1014490e-03]
 [9.9950039e-01 4.9961056e-04]
 [9.9950039e-01 4.9961056e-04]
 [9.9950039e-01 4.9961056e-04]
 [4.8790574e-03 9.9512094e-01]
 [2.6260614e-03 9.9737394e-01]
 [9.1747338e-01 8.2526609e-02]
 [9.9950039e-01 4.9961056e-04]
 [7.2616208e-01 2.7383795e-01]
 [9.4797319e-01 5.2026831e-02]
 [9.0096235e-01 9.9037625e-02]
 [2.0565426e-01 7.9434574e-01]
 [8.6292994e-01 1.3707009e-01]
 [8.6380839e-02 9.1361916e-01]
 [1.8096566e-03 9.9819034e-01]
 [9.5087290e-04 9.9904913e-01]
 [6.0313940e-03 9.9396861e-01]]
2024-01-14 09:54:22 INFO Model_Trainer.py:71 - Prediction Result of LogisticRegression is [[5.47565016e-01 4.52434984e-01]
 [4.44571428e-01 5.55428572e-01]
 [5.61456993e-01 4.38543007e-01]
 [5.10605588e-01 4.89394412e-01]
 [5.18252067e-01 4.81747933e-01]
 [5.87106760e-01 4.12893240e-01]
 [9.42878959e-01 5.71210413e-02]
 [9.92240927e-01 7.75907303e-03]
 [9.95073570e-01 4.92643027e-03]
 [9.97742273e-01 2.25772727e-03]
 [9.99246029e-01 7.53970545e-04]
 [2.26792270e-01 7.73207730e-01]
 [1.39108102e-01 8.60891898e-01]
 [1.39108102e-01 8.60891898e-01]
 [2.70755947e-01 7.29244053e-01]
 [2.59913543e-01 7.40086457e-01]
 [2.45546870e-01 7.54453130e-01]
 [1.26830796e-01 8.73169204e-01]
 [9.74158544e-02 9.02584146e-01]
 [8.68624764e-01 1.31375236e-01]
 [9.88819327e-01 1.11806726e-02]
 [9.60183872e-01 3.98161284e-02]
 [9.95694289e-01 4.30571074e-03]
 [9.98529286e-01 1.47071445e-03]
 [9.98529286e-01 1.47071445e-03]
 [2.19641158e-01 7.80358842e-01]
 [5.99352404e-01 4.00647596e-01]
 [9.44423806e-01 5.55761943e-02]
 [9.79605042e-01 2.03949578e-02]
 [9.27368796e-01 7.26312035e-02]
 [9.77134459e-01 2.28655414e-02]
 [9.76292331e-01 2.37076692e-02]
 [1.64235624e-01 8.35764376e-01]
 [9.28771488e-01 7.12285122e-02]
 [7.28474581e-03 9.92715254e-01]
 [7.69157289e-01 2.30842711e-01]
 [1.65353674e-01 8.34646326e-01]
 [7.33942937e-01 2.66057063e-01]]
2024-01-14 09:54:22 INFO Model_Trainer.py:71 - Prediction Result of MultinomialNB is [[0.89222366 0.10777634]
 [0.90033273 0.09966727]
 [0.89346217 0.10653783]
 [0.89858313 0.10141687]
 [0.90177015 0.09822985]
 [0.89940097 0.10059903]
 [0.89860767 0.10139233]
 [0.95738278 0.04261722]
 [0.96466169 0.03533831]
 [0.9339174  0.0660826 ]
 [0.96722514 0.03277486]
 [0.82506073 0.17493927]
 [0.77837201 0.22162799]
 [0.77837201 0.22162799]
 [0.88135788 0.11864212]
 [0.85925312 0.14074688]
 [0.87686625 0.12313375]
 [0.84323382 0.15676618]
 [0.68101109 0.31898891]
 [0.90869276 0.09130724]
 [0.96174648 0.03825352]
 [0.94933799 0.05066201]
 [0.94037491 0.05962509]
 [0.95828662 0.04171338]
 [0.95828662 0.04171338]
 [0.87640609 0.12359391]
 [0.91253572 0.08746428]
 [0.91535293 0.08464707]
 [0.945406   0.054594  ]
 [0.92175139 0.07824861]
 [0.93625668 0.06374332]
 [0.90969665 0.09030335]
 [0.7108528  0.2891472 ]
 [0.89063919 0.10936081]
 [0.2376923  0.7623077 ]
 [0.92722069 0.07277931]
 [0.88496017 0.11503983]
 [0.87978528 0.12021472]]
2024-01-14 09:54:22 INFO Model_Trainer.py:71 - Prediction Result of GaussianNB is [[4.95458615e-06 9.99995045e-01]
 [1.42887790e-08 9.99999986e-01]
 [1.57730997e-05 9.99984227e-01]
 [3.61235832e-08 9.99999964e-01]
 [9.15840525e-09 9.99999991e-01]
 [1.92660792e-04 9.99807339e-01]
 [1.00000000e+00 2.09028768e-13]
 [1.00000000e+00 4.13405745e-24]
 [1.00000000e+00 4.64350883e-25]
 [1.00000000e+00 6.63769053e-28]
 [1.00000000e+00 3.51825129e-36]
 [2.06662351e-14 1.00000000e+00]
 [7.74805277e-18 1.00000000e+00]
 [7.74805277e-18 1.00000000e+00]
 [4.05204797e-15 1.00000000e+00]
 [2.88435116e-14 1.00000000e+00]
 [3.06149262e-17 1.00000000e+00]
 [2.11669300e-22 1.00000000e+00]
 [3.94686357e-19 1.00000000e+00]
 [9.81116913e-01 1.88830872e-02]
 [1.00000000e+00 2.74302822e-20]
 [1.00000000e+00 2.43341321e-15]
 [1.00000000e+00 4.31354426e-28]
 [1.00000000e+00 5.02183202e-28]
 [1.00000000e+00 5.02183202e-28]
 [1.31701231e-13 1.00000000e+00]
 [8.31236020e-01 1.68763980e-01]
 [9.99999945e-01 5.46084980e-08]
 [1.00000000e+00 2.31293197e-18]
 [9.99999549e-01 4.51212519e-07]
 [1.00000000e+00 1.97557690e-15]
 [1.00000000e+00 3.97995981e-19]
 [3.70067895e-18 1.00000000e+00]
 [9.99999890e-01 1.09731373e-07]
 [1.26008848e-37 1.00000000e+00]
 [8.70991897e-01 1.29008103e-01]
 [1.06138295e-15 1.00000000e+00]
 [9.99999824e-01 1.76083695e-07]]
2024-01-14 09:54:22 INFO ResultEvaluator.py:29 - The Average Result: [[0.29592406 0.70407594]
 [0.24202498 0.75797502]
 [0.26673008 0.73326992]
 [0.29070559 0.70929441]
 [0.24955828 0.75044172]
 [0.29766383 0.70233617]
 [0.87739142 0.12260858]
 [0.95655858 0.04344142]
 [0.9674676  0.0325324 ]
 [0.9751795  0.0248205 ]
 [0.97904744 0.02095256]
 [0.14736306 0.85263694]
 [0.18172373 0.81827627]
 [0.18172373 0.81827627]
 [0.17958399 0.82041601]
 [0.20615582 0.79384418]
 [0.17084572 0.82915428]
 [0.15192294 0.84807706]
 [0.17967267 0.82032733]
 [0.50458822 0.49541178]
 [0.93856777 0.06143224]
 [0.92210282 0.07789718]
 [0.97566944 0.02433056]
 [0.97797463 0.02202537]
 [0.97797463 0.02202537]
 [0.15937361 0.84062639]
 [0.3814339  0.6185661 ]
 [0.88191345 0.11808655]
 [0.85564892 0.14435108]
 [0.83490975 0.16509026]
 [0.900512   0.09948801]
 [0.89458349 0.1054165 ]
 [0.31397991 0.68602009]
 [0.86079669 0.13920331]
 [0.09771604 0.90228396]
 [0.54026274 0.45973726]
 [0.15882147 0.84117853]
 [0.4745459  0.5254541 ]]
2024-01-14 09:54:22 INFO ResultEvaluator.py:33 - The Maximum Value is: 0.9022839559617523, and the Index is: 34
2024-01-14 09:54:24 INFO MongoConnect.py:13 - Pinged your deployment. You successfully connected to MongoDB!
2024-01-14 09:54:24 INFO ImageFindController.py:60 - ***** Finding Image Finished *****
2024-01-14 09:54:24 INFO ImageFindController.py:61 - Your position is near, Luxury Objects, Gamla

2024-01-14 09:54:27 INFO ImageFindController.py:49 - ***** Starting Finding Image *****
1it [00:00, ?it/s]
2024-01-14 09:54:27 INFO FeaturesExtractionService.py:106 - Type = <class 'numpy.ndarray'>
2024-01-14 09:54:27 INFO FeaturesExtractionService.py:107 - Shape of feature_list = (1, 512)
2024-01-14 09:54:27 INFO FeaturesExtractionService.py:108 - Time taken in sec = 0.15624690055847168
2024-01-14 09:54:27 INFO FeaturesExtractionService.py:109 - Image location: uploads/image/input_image.jpg
1/1 [==============================] - 0s 297ms/step
1it [00:00, ?it/s]
2024-01-14 09:54:27 INFO FeaturesExtractionService.py:106 - Type = <class 'numpy.ndarray'>
2024-01-14 09:54:27 INFO FeaturesExtractionService.py:107 - Shape of feature_list = (1, 2048)
2024-01-14 09:54:27 INFO FeaturesExtractionService.py:108 - Time taken in sec = 0.3906073570251465
2024-01-14 09:54:27 INFO FeaturesExtractionService.py:109 - Image location: uploads/image/input_image.jpg
2024-01-14 09:54:30 INFO MongoConnect.py:13 - Pinged your deployment. You successfully connected to MongoDB!
2024-01-14 09:54:38 INFO Model_Trainer.py:71 - Prediction Result of DecisionTreeClassifier is [[0. 1.]
 [0. 1.]
 [0. 1.]
 [0. 1.]
 [0. 1.]
 [0. 1.]
 [1. 0.]
 [1. 0.]
 [1. 0.]
 [1. 0.]
 [1. 0.]
 [0. 1.]
 [0. 1.]
 [0. 1.]
 [0. 1.]
 [0. 1.]
 [0. 1.]
 [0. 1.]
 [0. 1.]
 [0. 1.]
 [0. 1.]
 [1. 0.]
 [1. 0.]
 [1. 0.]
 [1. 0.]
 [0. 1.]
 [0. 1.]
 [1. 0.]
 [1. 0.]
 [1. 0.]
 [1. 0.]
 [1. 0.]
 [1. 0.]
 [1. 0.]
 [0. 1.]
 [0. 1.]
 [0. 1.]
 [0. 1.]]
2024-01-14 09:54:38 INFO Model_Trainer.py:71 - Prediction Result of RandomForestClassifier is [[0.19 0.81]
 [0.08 0.92]
 [0.3  0.7 ]
 [0.26 0.74]
 [0.25 0.75]
 [0.44 0.56]
 [0.64 0.36]
 [1.   0.  ]
 [1.   0.  ]
 [1.   0.  ]
 [1.   0.  ]
 [0.16 0.84]
 [0.23 0.77]
 [0.23 0.77]
 [0.13 0.87]
 [0.07 0.93]
 [0.03 0.97]
 [0.17 0.83]
 [0.23 0.77]
 [0.42 0.58]
 [0.88 0.12]
 [0.71 0.29]
 [1.   0.  ]
 [1.   0.  ]
 [1.   0.  ]
 [0.04 0.96]
 [0.08 0.92]
 [0.72 0.28]
 [0.55 0.45]
 [0.56 0.44]
 [0.55 0.45]
 [1.   0.  ]
 [0.49 0.51]
 [0.55 0.45]
 [0.23 0.77]
 [0.12 0.88]
 [0.06 0.94]
 [0.22 0.78]]
2024-01-14 09:54:38 INFO Model_Trainer.py:71 - Prediction Result of MLPClassifier is [[0.00000000e+00 1.00000000e+00]
 [0.00000000e+00 1.00000000e+00]
 [0.00000000e+00 1.00000000e+00]
 [0.00000000e+00 1.00000000e+00]
 [0.00000000e+00 1.00000000e+00]
 [1.17499719e-05 9.99988250e-01]
 [1.00000000e+00 3.48252196e-26]
 [1.00000000e+00 7.05373700e-50]
 [1.00000000e+00 1.88567074e-74]
 [1.00000000e+00 9.24453208e-40]
 [1.00000000e+00 2.65101100e-94]
 [0.00000000e+00 1.00000000e+00]
 [0.00000000e+00 1.00000000e+00]
 [0.00000000e+00 1.00000000e+00]
 [0.00000000e+00 1.00000000e+00]
 [0.00000000e+00 1.00000000e+00]
 [0.00000000e+00 1.00000000e+00]
 [0.00000000e+00 1.00000000e+00]
 [0.00000000e+00 1.00000000e+00]
 [4.66293670e-15 1.00000000e+00]
 [9.99999985e-01 1.54398011e-08]
 [1.02180486e-11 1.00000000e+00]
 [1.00000000e+00 3.50188835e-54]
 [1.00000000e+00 2.39156724e-56]
 [1.00000000e+00 2.39156724e-56]
 [0.00000000e+00 1.00000000e+00]
 [0.00000000e+00 1.00000000e+00]
 [1.00000000e+00 4.89609001e-13]
 [0.00000000e+00 1.00000000e+00]
 [7.12446671e-08 9.99999929e-01]
 [0.00000000e+00 1.00000000e+00]
 [1.00000000e+00 3.59314891e-44]
 [0.00000000e+00 1.00000000e+00]
 [3.40460993e-12 1.00000000e+00]
 [0.00000000e+00 1.00000000e+00]
 [0.00000000e+00 1.00000000e+00]
 [0.00000000e+00 1.00000000e+00]
 [0.00000000e+00 1.00000000e+00]]
2024-01-14 09:54:38 INFO Model_Trainer.py:71 - Prediction Result of KNeighborsClassifier is [[0.         1.        ]
 [0.33333333 0.66666667]
 [0.66666667 0.33333333]
 [1.         0.        ]
 [0.66666667 0.33333333]
 [0.66666667 0.33333333]
 [1.         0.        ]
 [1.         0.        ]
 [1.         0.        ]
 [1.         0.        ]
 [1.         0.        ]
 [0.33333333 0.66666667]
 [0.         1.        ]
 [0.         1.        ]
 [0.         1.        ]
 [0.         1.        ]
 [0.         1.        ]
 [0.         1.        ]
 [0.66666667 0.33333333]
 [0.66666667 0.33333333]
 [1.         0.        ]
 [1.         0.        ]
 [1.         0.        ]
 [1.         0.        ]
 [1.         0.        ]
 [0.         1.        ]
 [0.         1.        ]
 [1.         0.        ]
 [1.         0.        ]
 [1.         0.        ]
 [0.66666667 0.33333333]
 [1.         0.        ]
 [0.33333333 0.66666667]
 [0.66666667 0.33333333]
 [0.33333333 0.66666667]
 [0.         1.        ]
 [0.         1.        ]
 [0.66666667 0.33333333]]
2024-01-14 09:54:38 INFO Model_Trainer.py:71 - Prediction Result of AdaBoostClassifier is [[0.20744056 0.79255944]
 [0.34637644 0.65362356]
 [0.32299658 0.67700342]
 [0.2341455  0.7658545 ]
 [0.28643289 0.71356711]
 [0.32496134 0.67503866]
 [0.57951369 0.42048631]
 [0.66050497 0.33949503]
 [0.73842229 0.26157771]
 [0.84545541 0.15454459]
 [0.84545541 0.15454459]
 [0.18133286 0.81866714]
 [0.3551882  0.6448118 ]
 [0.3551882  0.6448118 ]
 [0.33448102 0.66551898]
 [0.36083977 0.63916023]
 [0.3503668  0.6496332 ]
 [0.26960363 0.73039637]
 [0.22364198 0.77635802]
 [0.27702496 0.72297504]
 [0.36909743 0.63090257]
 [0.61979823 0.38020177]
 [0.8209121  0.1790879 ]
 [0.84545541 0.15454459]
 [0.84545541 0.15454459]
 [0.31208953 0.68791047]
 [0.31991737 0.68008263]
 [0.6219024  0.3780976 ]
 [0.40738493 0.59261507]
 [0.37976573 0.62023427]
 [0.42755711 0.57244289]
 [0.8209121  0.1790879 ]
 [0.48604477 0.51395523]
 [0.55097154 0.44902846]
 [0.34579419 0.65420581]
 [0.23025174 0.76974826]
 [0.32082729 0.67917271]
 [0.23085322 0.76914678]]
2024-01-14 09:54:38 INFO Model_Trainer.py:71 - Prediction Result of XGBClassifier is [[1.3285875e-03 9.9867141e-01]
 [7.8465343e-03 9.9215347e-01]
 [1.2061596e-03 9.9879384e-01]
 [1.3471842e-03 9.9865282e-01]
 [6.7464709e-03 9.9325353e-01]
 [3.7751615e-02 9.6224838e-01]
 [9.0096235e-01 9.9037625e-02]
 [9.9889857e-01 1.1014490e-03]
 [9.9918783e-01 8.1215607e-04]
 [9.9950039e-01 4.9961056e-04]
 [9.9950039e-01 4.9961056e-04]
 [2.3539662e-03 9.9764603e-01]
 [6.0865164e-02 9.3913484e-01]
 [6.0865164e-02 9.3913484e-01]
 [6.0865164e-02 9.3913484e-01]
 [2.6906252e-02 9.7309375e-01]
 [2.8860390e-02 9.7113961e-01]
 [9.1443837e-02 9.0855616e-01]
 [1.1267066e-03 9.9887329e-01]
 [4.6886802e-03 9.9531132e-01]
 [6.2480485e-01 3.7519512e-01]
 [9.9889857e-01 1.1014490e-03]
 [9.9950039e-01 4.9961056e-04]
 [9.9950039e-01 4.9961056e-04]
 [9.9950039e-01 4.9961056e-04]
 [2.0864964e-02 9.7913504e-01]
 [7.8465343e-03 9.9215347e-01]
 [9.4797319e-01 5.2026831e-02]
 [6.9768506e-01 3.0231494e-01]
 [7.2616208e-01 2.7383795e-01]
 [6.9768506e-01 3.0231494e-01]
 [9.9950039e-01 4.9961056e-04]
 [7.8081793e-01 2.1918207e-01]
 [9.1007829e-01 8.9921735e-02]
 [8.6380839e-02 9.1361916e-01]
 [3.1411648e-03 9.9685884e-01]
 [8.4627867e-03 9.9153721e-01]
 [3.4535527e-03 9.9654645e-01]]
2024-01-14 09:54:38 INFO Model_Trainer.py:71 - Prediction Result of LogisticRegression is [[4.15309216e-01 5.84690784e-01]
 [2.69718861e-01 7.30281139e-01]
 [5.48181023e-01 4.51818977e-01]
 [6.04958448e-01 3.95041552e-01]
 [5.11597555e-01 4.88402445e-01]
 [8.81178036e-01 1.18821964e-01]
 [9.66522107e-01 3.34778929e-02]
 [9.95868125e-01 4.13187481e-03]
 [9.95050979e-01 4.94902117e-03]
 [9.96750648e-01 3.24935242e-03]
 [9.99190372e-01 8.09627500e-04]
 [3.45960024e-01 6.54039976e-01]
 [8.94024445e-03 9.91059756e-01]
 [8.94024445e-03 9.91059756e-01]
 [1.11667642e-02 9.88833236e-01]
 [7.33419495e-02 9.26658051e-01]
 [1.90038467e-02 9.80996153e-01]
 [1.37323907e-02 9.86267609e-01]
 [5.14951362e-01 4.85048638e-01]
 [8.01969790e-01 1.98030210e-01]
 [9.14378008e-01 8.56219923e-02]
 [9.02447970e-01 9.75520304e-02]
 [9.89986792e-01 1.00132082e-02]
 [9.93544397e-01 6.45560321e-03]
 [9.93544397e-01 6.45560321e-03]
 [5.46531357e-02 9.45346864e-01]
 [1.26939255e-01 8.73060745e-01]
 [9.84108328e-01 1.58916722e-02]
 [7.14570041e-01 2.85429959e-01]
 [8.51677670e-01 1.48322330e-01]
 [7.67855298e-01 2.32144702e-01]
 [9.84685814e-01 1.53141860e-02]
 [6.29718653e-01 3.70281347e-01]
 [5.18579616e-01 4.81420384e-01]
 [8.52564361e-02 9.14743564e-01]
 [1.98580051e-01 8.01419949e-01]
 [1.12891390e-01 8.87108610e-01]
 [5.01731541e-01 4.98268459e-01]]
2024-01-14 09:54:38 INFO Model_Trainer.py:71 - Prediction Result of MultinomialNB is [[0.86642622 0.13357378]
 [0.85580619 0.14419381]
 [0.89882446 0.10117554]
 [0.89744516 0.10255484]
 [0.89436923 0.10563077]
 [0.92510874 0.07489126]
 [0.91154452 0.08845548]
 [0.96566554 0.03433446]
 [0.96343283 0.03656717]
 [0.9293859  0.0706141 ]
 [0.96681497 0.03318503]
 [0.86127709 0.13872291]
 [0.23637296 0.76362704]
 [0.23637296 0.76362704]
 [0.48745106 0.51254894]
 [0.60008373 0.39991627]
 [0.39183767 0.60816233]
 [0.62104458 0.37895542]
 [0.88594686 0.11405314]
 [0.90876891 0.09123109]
 [0.93804195 0.06195805]
 [0.93768163 0.06231837]
 [0.92643212 0.07356788]
 [0.94399645 0.05600355]
 [0.94399645 0.05600355]
 [0.67595125 0.32404875]
 [0.80574047 0.19425953]
 [0.93432999 0.06567001]
 [0.89243927 0.10756073]
 [0.91467901 0.08532099]
 [0.89407282 0.10592718]
 [0.92507202 0.07492798]
 [0.88476907 0.11523093]
 [0.70578836 0.29421164]
 [0.73389195 0.26610805]
 [0.82180091 0.17819909]
 [0.84600852 0.15399148]
 [0.8450203  0.1549797 ]]
2024-01-14 09:54:38 INFO Model_Trainer.py:71 - Prediction Result of GaussianNB is [[4.35494606e-08 9.99999956e-01]
 [8.43912747e-11 1.00000000e+00]
 [2.90672982e-05 9.99970933e-01]
 [1.20553282e-05 9.99987945e-01]
 [5.71124419e-08 9.99999943e-01]
 [9.99998616e-01 1.38449873e-06]
 [1.00000000e+00 2.55638227e-16]
 [1.00000000e+00 5.52005377e-32]
 [1.00000000e+00 5.07155053e-24]
 [1.00000000e+00 2.28866248e-26]
 [1.00000000e+00 2.79600887e-36]
 [1.77718077e-11 1.00000000e+00]
 [2.30548680e-37 1.00000000e+00]
 [2.30548680e-37 1.00000000e+00]
 [3.80835718e-33 1.00000000e+00]
 [2.13171637e-20 1.00000000e+00]
 [2.06098605e-32 1.00000000e+00]
 [1.63838071e-33 1.00000000e+00]
 [2.08349176e-07 9.99999792e-01]
 [3.57446669e-01 6.42553331e-01]
 [9.99999971e-01 2.87910491e-08]
 [1.00000000e+00 2.92129631e-10]
 [1.00000000e+00 1.86776702e-21]
 [1.00000000e+00 4.95917400e-22]
 [1.00000000e+00 4.95917400e-22]
 [9.83229691e-20 1.00000000e+00]
 [1.59957737e-13 1.00000000e+00]
 [1.00000000e+00 1.32149866e-15]
 [1.37400831e-01 8.62599169e-01]
 [9.97902675e-01 2.09732513e-03]
 [8.68245740e-01 1.31754260e-01]
 [1.00000000e+00 5.49044572e-23]
 [4.18967567e-05 9.99958103e-01]
 [5.73700868e-04 9.99426299e-01]
 [3.06301697e-18 1.00000000e+00]
 [1.02642911e-13 1.00000000e+00]
 [2.35623310e-16 1.00000000e+00]
 [7.09041631e-01 2.90958369e-01]]
2024-01-14 09:54:38 INFO ResultEvaluator.py:29 - The Average Result: [[0.18672274 0.81327726]
 [0.21034237 0.78965763]
 [0.30421155 0.69578845]
 [0.33310093 0.66689907]
 [0.29064587 0.70935413]
 [0.4750752  0.5249248 ]
 [0.88872696 0.11127303]
 [0.95788191 0.04211809]
 [0.96623266 0.03376734]
 [0.97456582 0.02543418]
 [0.97899568 0.02100432]
 [0.20936192 0.79063808]
 [0.09904073 0.90095927]
 [0.09904073 0.90095927]
 [0.11377378 0.88622622]
 [0.12568575 0.87431425]
 [0.09111875 0.90888125]
 [0.12953605 0.87046395]
 [0.28025931 0.71974069]
 [0.38184063 0.61815937]
 [0.74736913 0.25263086]
 [0.79653627 0.20346373]
 [0.97075905 0.02924095]
 [0.97583296 0.02416704]
 [0.97583296 0.02416704]
 [0.12261765 0.87738235]
 [0.14893818 0.85106182]
 [0.91203488 0.08796512]
 [0.59994224 0.40005776]
 [0.71446525 0.28553476]
 [0.65245363 0.34754637]
 [0.97001893 0.02998108]
 [0.51163618 0.48836382]
 [0.5447398  0.45526021]
 [0.20162853 0.79837147]
 [0.15264154 0.84735846]
 [0.14979889 0.85020111]
 [0.3529741  0.6470259 ]]
2024-01-14 09:54:38 INFO ResultEvaluator.py:33 - The Maximum Value is: 0.9088812548283249, and the Index is: 16
2024-01-14 09:54:40 INFO MongoConnect.py:13 - Pinged your deployment. You successfully connected to MongoDB!
2024-01-14 09:54:41 INFO ImageFindController.py:60 - ***** Finding Image Finished *****
2024-01-14 09:54:41 INFO ImageFindController.py:61 - Your position is near, fourth

2024-01-14 09:54:43 INFO ImageFindController.py:49 - ***** Starting Finding Image *****
1it [00:00, ?it/s]
2024-01-14 09:54:43 INFO FeaturesExtractionService.py:106 - Type = <class 'numpy.ndarray'>
2024-01-14 09:54:43 INFO FeaturesExtractionService.py:107 - Shape of feature_list = (1, 512)
2024-01-14 09:54:43 INFO FeaturesExtractionService.py:108 - Time taken in sec = 0.17186594009399414
2024-01-14 09:54:43 INFO FeaturesExtractionService.py:109 - Image location: uploads/image/input_image.jpg
1/1 [==============================] - 0s 297ms/step
1it [00:00, ?it/s]
2024-01-14 09:54:44 INFO FeaturesExtractionService.py:106 - Type = <class 'numpy.ndarray'>
2024-01-14 09:54:44 INFO FeaturesExtractionService.py:107 - Shape of feature_list = (1, 2048)
2024-01-14 09:54:44 INFO FeaturesExtractionService.py:108 - Time taken in sec = 0.3906130790710449
2024-01-14 09:54:44 INFO FeaturesExtractionService.py:109 - Image location: uploads/image/input_image.jpg
2024-01-14 09:54:46 INFO MongoConnect.py:13 - Pinged your deployment. You successfully connected to MongoDB!
2024-01-14 09:54:52 INFO Model_Trainer.py:71 - Prediction Result of DecisionTreeClassifier is [[0. 1.]
 [0. 1.]
 [0. 1.]
 [0. 1.]
 [0. 1.]
 [1. 0.]
 [0. 1.]
 [1. 0.]
 [1. 0.]
 [1. 0.]
 [1. 0.]
 [0. 1.]
 [0. 1.]
 [0. 1.]
 [0. 1.]
 [0. 1.]
 [0. 1.]
 [0. 1.]
 [0. 1.]
 [0. 1.]
 [1. 0.]
 [1. 0.]
 [1. 0.]
 [1. 0.]
 [1. 0.]
 [0. 1.]
 [0. 1.]
 [1. 0.]
 [0. 1.]
 [1. 0.]
 [1. 0.]
 [1. 0.]
 [0. 1.]
 [1. 0.]
 [0. 1.]
 [0. 1.]
 [0. 1.]
 [0. 1.]]
2024-01-14 09:54:52 INFO Model_Trainer.py:71 - Prediction Result of RandomForestClassifier is [[0.28 0.72]
 [0.16 0.84]
 [0.29 0.71]
 [0.24 0.76]
 [0.2  0.8 ]
 [0.75 0.25]
 [0.92 0.08]
 [0.73 0.27]
 [1.   0.  ]
 [1.   0.  ]
 [1.   0.  ]
 [0.16 0.84]
 [0.33 0.67]
 [0.33 0.67]
 [0.14 0.86]
 [0.15 0.85]
 [0.03 0.97]
 [0.18 0.82]
 [0.17 0.83]
 [0.46 0.54]
 [0.76 0.24]
 [0.73 0.27]
 [1.   0.  ]
 [1.   0.  ]
 [1.   0.  ]
 [0.24 0.76]
 [0.04 0.96]
 [0.63 0.37]
 [0.48 0.52]
 [0.61 0.39]
 [0.52 0.48]
 [1.   0.  ]
 [0.14 0.86]
 [0.63 0.37]
 [0.21 0.79]
 [0.16 0.84]
 [0.06 0.94]
 [0.17 0.83]]
2024-01-14 09:54:52 INFO Model_Trainer.py:71 - Prediction Result of MLPClassifier is [[0.00000000e+00 1.00000000e+00]
 [0.00000000e+00 1.00000000e+00]
 [0.00000000e+00 1.00000000e+00]
 [0.00000000e+00 1.00000000e+00]
 [0.00000000e+00 1.00000000e+00]
 [1.00000000e+00 5.11382491e-27]
 [1.51178211e-02 9.84882179e-01]
 [1.00000000e+00 6.57320574e-61]
 [1.00000000e+00 1.34660862e-52]
 [1.00000000e+00 2.33683981e-42]
 [1.00000000e+00 1.25179749e-88]
 [0.00000000e+00 1.00000000e+00]
 [0.00000000e+00 1.00000000e+00]
 [0.00000000e+00 1.00000000e+00]
 [0.00000000e+00 1.00000000e+00]
 [0.00000000e+00 1.00000000e+00]
 [0.00000000e+00 1.00000000e+00]
 [0.00000000e+00 1.00000000e+00]
 [0.00000000e+00 1.00000000e+00]
 [0.00000000e+00 1.00000000e+00]
 [1.00000000e+00 4.04556382e-25]
 [1.00000000e+00 4.52604409e-20]
 [1.00000000e+00 1.33102973e-31]
 [1.00000000e+00 1.04800619e-58]
 [1.00000000e+00 1.04800619e-58]
 [0.00000000e+00 1.00000000e+00]
 [0.00000000e+00 1.00000000e+00]
 [9.99999998e-01 1.52248804e-09]
 [2.74669176e-13 1.00000000e+00]
 [9.91826651e-01 8.17334931e-03]
 [0.00000000e+00 1.00000000e+00]
 [1.00000000e+00 3.27449683e-35]
 [0.00000000e+00 1.00000000e+00]
 [3.66769042e-03 9.96332310e-01]
 [0.00000000e+00 1.00000000e+00]
 [0.00000000e+00 1.00000000e+00]
 [0.00000000e+00 1.00000000e+00]
 [0.00000000e+00 1.00000000e+00]]
2024-01-14 09:54:52 INFO Model_Trainer.py:71 - Prediction Result of KNeighborsClassifier is [[0.66666667 0.33333333]
 [0.         1.        ]
 [0.66666667 0.33333333]
 [0.33333333 0.66666667]
 [0.33333333 0.66666667]
 [1.         0.        ]
 [1.         0.        ]
 [1.         0.        ]
 [1.         0.        ]
 [1.         0.        ]
 [1.         0.        ]
 [0.66666667 0.33333333]
 [0.33333333 0.66666667]
 [0.33333333 0.66666667]
 [0.         1.        ]
 [0.33333333 0.66666667]
 [0.         1.        ]
 [0.         1.        ]
 [0.33333333 0.66666667]
 [0.66666667 0.33333333]
 [1.         0.        ]
 [1.         0.        ]
 [1.         0.        ]
 [1.         0.        ]
 [1.         0.        ]
 [0.         1.        ]
 [0.         1.        ]
 [1.         0.        ]
 [1.         0.        ]
 [1.         0.        ]
 [0.66666667 0.33333333]
 [1.         0.        ]
 [0.         1.        ]
 [1.         0.        ]
 [0.         1.        ]
 [0.         1.        ]
 [0.         1.        ]
 [0.33333333 0.66666667]]
2024-01-14 09:54:52 INFO Model_Trainer.py:71 - Prediction Result of AdaBoostClassifier is [[0.22593271 0.77406729]
 [0.1913112  0.8086888 ]
 [0.22079794 0.77920206]
 [0.25686654 0.74313346]
 [0.2626466  0.7373534 ]
 [0.61979823 0.38020177]
 [0.40306864 0.59693136]
 [0.66050497 0.33949503]
 [0.72157255 0.27842745]
 [0.84545541 0.15454459]
 [0.84545541 0.15454459]
 [0.20042169 0.79957831]
 [0.33767389 0.66232611]
 [0.33767389 0.66232611]
 [0.30328537 0.69671463]
 [0.23121855 0.76878145]
 [0.25728579 0.74271421]
 [0.23077506 0.76922494]
 [0.22276311 0.77723689]
 [0.37790067 0.62209933]
 [0.67537543 0.32462457]
 [0.66050497 0.33949503]
 [0.8209121  0.1790879 ]
 [0.84545541 0.15454459]
 [0.84545541 0.15454459]
 [0.31208953 0.68791047]
 [0.32225091 0.67774909]
 [0.49584741 0.50415259]
 [0.40619981 0.59380019]
 [0.57684932 0.42315068]
 [0.3981945  0.6018055 ]
 [0.8209121  0.1790879 ]
 [0.35066811 0.64933189]
 [0.50904234 0.49095766]
 [0.34808651 0.65191349]
 [0.31337586 0.68662414]
 [0.32527052 0.67472948]
 [0.20637842 0.79362158]]
2024-01-14 09:54:52 INFO Model_Trainer.py:71 - Prediction Result of XGBClassifier is [[1.2838840e-03 9.9871612e-01]
 [8.8113546e-04 9.9911886e-01]
 [1.0123849e-03 9.9898762e-01]
 [5.6989193e-03 9.9430108e-01]
 [6.0013533e-03 9.9399865e-01]
 [9.9797285e-01 2.0271789e-03]
 [8.4652925e-01 1.5347075e-01]
 [9.9725193e-01 2.7480768e-03]
 [9.9797285e-01 2.0271789e-03]
 [9.9950039e-01 4.9961056e-04]
 [9.9950039e-01 4.9961056e-04]
 [1.6915798e-03 9.9830842e-01]
 [8.6380839e-02 9.1361916e-01]
 [8.6380839e-02 9.1361916e-01]
 [1.9366026e-02 9.8063397e-01]
 [7.1567297e-03 9.9284327e-01]
 [1.3384700e-02 9.8661530e-01]
 [5.6987226e-02 9.4301277e-01]
 [9.3727112e-03 9.9062729e-01]
 [2.2005737e-02 9.7799426e-01]
 [9.9797285e-01 2.0271789e-03]
 [9.9889857e-01 1.1014490e-03]
 [9.9950039e-01 4.9961056e-04]
 [9.9950039e-01 4.9961056e-04]
 [9.9950039e-01 4.9961056e-04]
 [2.0864964e-02 9.7913504e-01]
 [7.8465343e-03 9.9215347e-01]
 [9.1747338e-01 8.2526609e-02]
 [1.0347468e-01 8.9652532e-01]
 [7.2616208e-01 2.7383795e-01]
 [7.2616208e-01 2.7383795e-01]
 [9.9950039e-01 4.9961056e-04]
 [3.7790239e-02 9.6220976e-01]
 [9.2328829e-01 7.6711692e-02]
 [8.6380839e-02 9.1361916e-01]
 [7.6579452e-03 9.9234205e-01]
 [1.5794158e-02 9.8420584e-01]
 [1.1175275e-03 9.9888247e-01]]
2024-01-14 09:54:52 INFO Model_Trainer.py:71 - Prediction Result of LogisticRegression is [[5.15685792e-01 4.84314208e-01]
 [2.50094664e-01 7.49905336e-01]
 [5.80557039e-01 4.19442961e-01]
 [4.02086659e-01 5.97913341e-01]
 [3.86657507e-01 6.13342493e-01]
 [8.90507311e-01 1.09492689e-01]
 [9.50242194e-01 4.97578058e-02]
 [9.90628828e-01 9.37117204e-03]
 [9.86148954e-01 1.38510455e-02]
 [9.94851795e-01 5.14820524e-03]
 [9.99087689e-01 9.12311198e-04]
 [3.98028190e-01 6.01971810e-01]
 [5.42585314e-02 9.45741469e-01]
 [5.42585314e-02 9.45741469e-01]
 [7.04892686e-02 9.29510731e-01]
 [2.74311438e-01 7.25688562e-01]
 [2.99341053e-02 9.70065895e-01]
 [1.69767164e-02 9.83023284e-01]
 [3.40216330e-01 6.59783670e-01]
 [8.48267119e-01 1.51732881e-01]
 [9.51510700e-01 4.84892999e-02]
 [9.27385839e-01 7.26141610e-02]
 [9.87762700e-01 1.22372997e-02]
 [9.92711829e-01 7.28817130e-03]
 [9.92711829e-01 7.28817130e-03]
 [9.29979655e-02 9.07002034e-01]
 [8.44506627e-02 9.15549337e-01]
 [9.65661922e-01 3.43380780e-02]
 [9.23149611e-01 7.68503887e-02]
 [9.08240837e-01 9.17591632e-02]
 [7.77101167e-01 2.22898833e-01]
 [9.85577272e-01 1.44227276e-02]
 [9.23929021e-02 9.07607098e-01]
 [7.50996451e-01 2.49003549e-01]
 [4.72138515e-03 9.95278615e-01]
 [1.30990338e-01 8.69009662e-01]
 [3.67622009e-02 9.63237799e-01]
 [3.87206790e-01 6.12793210e-01]]
2024-01-14 09:54:52 INFO Model_Trainer.py:71 - Prediction Result of MultinomialNB is [[0.89650204 0.10349796]
 [0.88049549 0.11950451]
 [0.90380307 0.09619693]
 [0.90178368 0.09821632]
 [0.89202718 0.10797282]
 [0.92870359 0.07129641]
 [0.92155207 0.07844793]
 [0.96114262 0.03885738]
 [0.95728314 0.04271686]
 [0.93273404 0.06726596]
 [0.96606716 0.03393284]
 [0.88097296 0.11902704]
 [0.76853396 0.23146604]
 [0.76853396 0.23146604]
 [0.83577186 0.16422814]
 [0.8688971  0.1311029 ]
 [0.69564934 0.30435066]
 [0.64533723 0.35466277]
 [0.88153431 0.11846569]
 [0.90866104 0.09133896]
 [0.94771416 0.05228584]
 [0.94126637 0.05873363]
 [0.93617558 0.06382442]
 [0.94373142 0.05626858]
 [0.94373142 0.05626858]
 [0.83610709 0.16389291]
 [0.75050505 0.24949495]
 [0.90043814 0.09956186]
 [0.93035837 0.06964163]
 [0.91546241 0.08453759]
 [0.89894105 0.10105895]
 [0.91210496 0.08789504]
 [0.70913588 0.29086412]
 [0.83459746 0.16540254]
 [0.2351727  0.7648273 ]
 [0.86280386 0.13719614]
 [0.73409342 0.26590658]
 [0.86252323 0.13747677]]
2024-01-14 09:54:52 INFO Model_Trainer.py:71 - Prediction Result of GaussianNB is [[1.36299840e-06 9.99998637e-01]
 [5.24309456e-13 1.00000000e+00]
 [8.19779798e-05 9.99918022e-01]
 [3.92624305e-10 1.00000000e+00]
 [6.28976957e-12 1.00000000e+00]
 [9.99998313e-01 1.68737389e-06]
 [1.00000000e+00 1.26880020e-13]
 [1.00000000e+00 4.98520103e-22]
 [1.00000000e+00 2.13153190e-18]
 [1.00000000e+00 3.41128494e-22]
 [1.00000000e+00 2.64185113e-36]
 [5.46242785e-10 9.99999999e-01]
 [1.63730016e-23 1.00000000e+00]
 [1.63730016e-23 1.00000000e+00]
 [3.74762219e-22 1.00000000e+00]
 [5.14806772e-13 1.00000000e+00]
 [6.04313274e-30 1.00000000e+00]
 [1.32074052e-33 1.00000000e+00]
 [1.28174866e-11 1.00000000e+00]
 [9.98297840e-01 1.70216035e-03]
 [1.00000000e+00 6.45594827e-11]
 [9.99999991e-01 9.38733450e-09]
 [1.00000000e+00 7.71229146e-18]
 [1.00000000e+00 4.26338081e-23]
 [1.00000000e+00 4.26338081e-23]
 [9.81082870e-18 1.00000000e+00]
 [3.83829524e-16 1.00000000e+00]
 [9.99999978e-01 2.16924603e-08]
 [9.99999981e-01 1.91109686e-08]
 [9.99996505e-01 3.49460448e-06]
 [9.95252308e-01 4.74769199e-03]
 [1.00000000e+00 6.14821151e-22]
 [1.06379498e-19 1.00000000e+00]
 [2.75878989e-04 9.99724121e-01]
 [1.60886154e-39 1.00000000e+00]
 [1.00716297e-16 1.00000000e+00]
 [1.08038187e-23 1.00000000e+00]
 [7.33330112e-04 9.99266670e-01]]
2024-01-14 09:54:52 INFO ResultEvaluator.py:29 - The Average Result: [[0.28734138 0.71265862]
 [0.16475361 0.83524639]
 [0.2958799  0.7041201 ]
 [0.23775213 0.76224787]
 [0.23118511 0.76881489]
 [0.90966448 0.09033553]
 [0.67294555 0.32705445]
 [0.92661426 0.07338574]
 [0.96255306 0.03744695]
 [0.97472685 0.02527315]
 [0.97890118 0.02109882]
 [0.25642012 0.74357988]
 [0.21224228 0.78775772]
 [0.21224228 0.78775772]
 [0.15210139 0.84789861]
 [0.20721302 0.79278698]
 [0.11402822 0.88597178]
 [0.12556403 0.87443597]
 [0.21746887 0.78253113]
 [0.47575545 0.52424455]
 [0.92584146 0.07415854]
 [0.91756175 0.08243825]
 [0.97159453 0.02840547]
 [0.97571101 0.02428899]
 [0.97571101 0.02428899]
 [0.1668955  0.8331045 ]
 [0.13389479 0.86610521]
 [0.87882454 0.12117546]
 [0.53813138 0.46186862]
 [0.85872642 0.14127358]
 [0.66470197 0.33529803]
 [0.96867719 0.03132281]
 [0.14777635 0.85222365]
 [0.62798535 0.37201465]
 [0.09826238 0.90173762]
 [0.16386978 0.83613022]
 [0.13021337 0.86978663]
 [0.2179214  0.7820786 ]]
2024-01-14 09:54:52 INFO ResultEvaluator.py:33 - The Maximum Value is: 0.9017376184381196, and the Index is: 34
2024-01-14 09:54:55 INFO MongoConnect.py:13 - Pinged your deployment. You successfully connected to MongoDB!
2024-01-14 09:54:55 INFO ImageFindController.py:60 - ***** Finding Image Finished *****
2024-01-14 09:54:55 INFO ImageFindController.py:61 - Your position is near, Luxury Objects, Gamla

2024-01-14 09:55:20 INFO ImageFindController.py:49 - ***** Starting Finding Image *****
1it [00:00, ?it/s]
2024-01-14 09:55:20 INFO FeaturesExtractionService.py:106 - Type = <class 'numpy.ndarray'>
2024-01-14 09:55:20 INFO FeaturesExtractionService.py:107 - Shape of feature_list = (1, 512)
2024-01-14 09:55:20 INFO FeaturesExtractionService.py:108 - Time taken in sec = 0.17186617851257324
2024-01-14 09:55:20 INFO FeaturesExtractionService.py:109 - Image location: uploads/image/input_image.jpg
1/1 [==============================] - 0s 312ms/step
1it [00:00, ?it/s]
2024-01-14 09:55:21 INFO FeaturesExtractionService.py:106 - Type = <class 'numpy.ndarray'>
2024-01-14 09:55:21 INFO FeaturesExtractionService.py:107 - Shape of feature_list = (1, 2048)
2024-01-14 09:55:21 INFO FeaturesExtractionService.py:108 - Time taken in sec = 0.4062371253967285
2024-01-14 09:55:21 INFO FeaturesExtractionService.py:109 - Image location: uploads/image/input_image.jpg
2024-01-14 09:55:23 INFO MongoConnect.py:13 - Pinged your deployment. You successfully connected to MongoDB!
2024-01-14 09:55:29 INFO Model_Trainer.py:71 - Prediction Result of DecisionTreeClassifier is [[0. 1.]
 [0. 1.]
 [0. 1.]
 [0. 1.]
 [0. 1.]
 [0. 1.]
 [0. 1.]
 [1. 0.]
 [1. 0.]
 [1. 0.]
 [1. 0.]
 [0. 1.]
 [0. 1.]
 [0. 1.]
 [0. 1.]
 [0. 1.]
 [0. 1.]
 [0. 1.]
 [0. 1.]
 [0. 1.]
 [1. 0.]
 [1. 0.]
 [1. 0.]
 [1. 0.]
 [1. 0.]
 [0. 1.]
 [0. 1.]
 [1. 0.]
 [1. 0.]
 [0. 1.]
 [1. 0.]
 [1. 0.]
 [0. 1.]
 [1. 0.]
 [0. 1.]
 [0. 1.]
 [0. 1.]
 [0. 1.]]
2024-01-14 09:55:29 INFO Model_Trainer.py:71 - Prediction Result of RandomForestClassifier is [[0.17 0.83]
 [0.3  0.7 ]
 [0.02 0.98]
 [0.04 0.96]
 [0.2  0.8 ]
 [0.3  0.7 ]
 [0.48 0.52]
 [0.76 0.24]
 [0.76 0.24]
 [1.   0.  ]
 [1.   0.  ]
 [0.09 0.91]
 [0.18 0.82]
 [0.18 0.82]
 [0.17 0.83]
 [0.01 0.99]
 [0.17 0.83]
 [0.04 0.96]
 [0.19 0.81]
 [0.4  0.6 ]
 [0.77 0.23]
 [0.76 0.24]
 [1.   0.  ]
 [1.   0.  ]
 [1.   0.  ]
 [0.05 0.95]
 [0.2  0.8 ]
 [0.84 0.16]
 [1.   0.  ]
 [0.44 0.56]
 [0.53 0.47]
 [0.78 0.22]
 [0.12 0.88]
 [0.59 0.41]
 [0.21 0.79]
 [0.18 0.82]
 [0.1  0.9 ]
 [0.3  0.7 ]]
2024-01-14 09:55:29 INFO Model_Trainer.py:71 - Prediction Result of MLPClassifier is [[0.00000000e+00 1.00000000e+00]
 [0.00000000e+00 1.00000000e+00]
 [0.00000000e+00 1.00000000e+00]
 [0.00000000e+00 1.00000000e+00]
 [0.00000000e+00 1.00000000e+00]
 [1.39401518e-02 9.86059848e-01]
 [0.00000000e+00 1.00000000e+00]
 [1.00000000e+00 7.48132018e-26]
 [1.00000000e+00 1.14643756e-31]
 [1.00000000e+00 1.05777633e-29]
 [1.00000000e+00 1.72765403e-83]
 [0.00000000e+00 1.00000000e+00]
 [0.00000000e+00 1.00000000e+00]
 [0.00000000e+00 1.00000000e+00]
 [0.00000000e+00 1.00000000e+00]
 [0.00000000e+00 1.00000000e+00]
 [0.00000000e+00 1.00000000e+00]
 [0.00000000e+00 1.00000000e+00]
 [0.00000000e+00 1.00000000e+00]
 [0.00000000e+00 1.00000000e+00]
 [1.00000000e+00 9.58989657e-29]
 [1.00000000e+00 6.18781643e-19]
 [1.00000000e+00 3.03263162e-16]
 [1.00000000e+00 3.62508075e-76]
 [1.00000000e+00 3.62508075e-76]
 [0.00000000e+00 1.00000000e+00]
 [0.00000000e+00 1.00000000e+00]
 [1.00000000e+00 7.44549266e-38]
 [1.00000000e+00 4.49486554e-14]
 [0.00000000e+00 1.00000000e+00]
 [0.00000000e+00 1.00000000e+00]
 [1.00000000e+00 1.92972204e-14]
 [0.00000000e+00 1.00000000e+00]
 [9.27707497e-08 9.99999907e-01]
 [0.00000000e+00 1.00000000e+00]
 [0.00000000e+00 1.00000000e+00]
 [0.00000000e+00 1.00000000e+00]
 [0.00000000e+00 1.00000000e+00]]
2024-01-14 09:55:29 INFO Model_Trainer.py:71 - Prediction Result of KNeighborsClassifier is [[0.66666667 0.33333333]
 [0.33333333 0.66666667]
 [0.         1.        ]
 [0.         1.        ]
 [0.         1.        ]
 [1.         0.        ]
 [1.         0.        ]
 [1.         0.        ]
 [1.         0.        ]
 [1.         0.        ]
 [1.         0.        ]
 [0.         1.        ]
 [0.         1.        ]
 [0.         1.        ]
 [0.66666667 0.33333333]
 [0.33333333 0.66666667]
 [1.         0.        ]
 [0.         1.        ]
 [0.66666667 0.33333333]
 [1.         0.        ]
 [1.         0.        ]
 [1.         0.        ]
 [1.         0.        ]
 [1.         0.        ]
 [1.         0.        ]
 [0.         1.        ]
 [0.33333333 0.66666667]
 [1.         0.        ]
 [1.         0.        ]
 [1.         0.        ]
 [1.         0.        ]
 [1.         0.        ]
 [0.         1.        ]
 [1.         0.        ]
 [0.         1.        ]
 [0.         1.        ]
 [0.         1.        ]
 [1.         0.        ]]
2024-01-14 09:55:29 INFO Model_Trainer.py:71 - Prediction Result of AdaBoostClassifier is [[0.19113527 0.80886473]
 [0.21739076 0.78260924]
 [0.22112295 0.77887705]
 [0.25025668 0.74974332]
 [0.27607262 0.72392738]
 [0.32892083 0.67107917]
 [0.35717005 0.64282995]
 [0.66050497 0.33949503]
 [0.66298672 0.33701328]
 [0.84545541 0.15454459]
 [0.71649663 0.28350337]
 [0.24496931 0.75503069]
 [0.26454423 0.73545577]
 [0.26454423 0.73545577]
 [0.24000125 0.75999875]
 [0.18559214 0.81440786]
 [0.23096155 0.76903845]
 [0.25613866 0.74386134]
 [0.26162026 0.73837974]
 [0.32958461 0.67041539]
 [0.65117595 0.34882405]
 [0.66050497 0.33949503]
 [0.71649663 0.28350337]
 [0.84545541 0.15454459]
 [0.84545541 0.15454459]
 [0.26624301 0.73375699]
 [0.20889736 0.79110264]
 [0.57951369 0.42048631]
 [0.84545541 0.15454459]
 [0.2286224  0.7713776 ]
 [0.43801891 0.56198109]
 [0.57951369 0.42048631]
 [0.35432632 0.64567368]
 [0.52149344 0.47850656]
 [0.34808651 0.65191349]
 [0.23127565 0.76872435]
 [0.17556506 0.82443494]
 [0.32892083 0.67107917]]
2024-01-14 09:55:29 INFO Model_Trainer.py:71 - Prediction Result of XGBClassifier is [[8.8113546e-04 9.9911886e-01]
 [7.2282553e-04 9.9927717e-01]
 [8.8113546e-04 9.9911886e-01]
 [3.3582449e-03 9.9664176e-01]
 [6.7835450e-03 9.9321645e-01]
 [1.2116492e-02 9.8788351e-01]
 [4.6763837e-02 9.5323616e-01]
 [9.9725193e-01 2.7480768e-03]
 [9.9797285e-01 2.0271789e-03]
 [9.9950039e-01 4.9961056e-04]
 [9.9940908e-01 5.9094973e-04]
 [1.1139691e-02 9.8886031e-01]
 [4.2047262e-02 9.5795274e-01]
 [4.2047262e-02 9.5795274e-01]
 [3.2153130e-03 9.9678469e-01]
 [2.1226406e-03 9.9787736e-01]
 [5.1109195e-03 9.9488908e-01]
 [5.2269101e-03 9.9477309e-01]
 [4.4122934e-03 9.9558771e-01]
 [9.8084211e-03 9.9019158e-01]
 [9.9752045e-01 2.4795602e-03]
 [9.9784231e-01 2.1576725e-03]
 [9.9940908e-01 5.9094973e-04]
 [9.9950039e-01 4.9961056e-04]
 [9.9950039e-01 4.9961056e-04]
 [3.4893155e-03 9.9651068e-01]
 [2.6260614e-03 9.9737394e-01]
 [9.8647690e-01 1.3523088e-02]
 [9.9950039e-01 4.9961056e-04]
 [1.1164963e-02 9.8883504e-01]
 [9.1747338e-01 8.2526609e-02]
 [9.8647690e-01 1.3523088e-02]
 [3.6044240e-02 9.6395576e-01]
 [9.1747338e-01 8.2526609e-02]
 [8.6380839e-02 9.1361916e-01]
 [1.6669631e-03 9.9833304e-01]
 [3.8037300e-03 9.9619627e-01]
 [1.2116492e-02 9.8788351e-01]]
2024-01-14 09:55:29 INFO Model_Trainer.py:71 - Prediction Result of LogisticRegression is [[0.37180921 0.62819079]
 [0.48549442 0.51450558]
 [0.37046951 0.62953049]
 [0.25997069 0.74002931]
 [0.30015322 0.69984678]
 [0.83685134 0.16314866]
 [0.93365118 0.06634882]
 [0.97646949 0.02353051]
 [0.97421458 0.02578542]
 [0.98554852 0.01445148]
 [0.998657   0.001343  ]
 [0.124194   0.875806  ]
 [0.10535398 0.89464602]
 [0.10535398 0.89464602]
 [0.45315493 0.54684507]
 [0.28313105 0.71686895]
 [0.44104333 0.55895667]
 [0.27995913 0.72004087]
 [0.42691673 0.57308327]
 [0.83465577 0.16534423]
 [0.96772032 0.03227968]
 [0.95388683 0.04611317]
 [0.98347738 0.01652262]
 [0.99739472 0.00260528]
 [0.99739472 0.00260528]
 [0.27563508 0.72436492]
 [0.66318176 0.33681824]
 [0.98460145 0.01539855]
 [0.98578774 0.01421226]
 [0.83406346 0.16593654]
 [0.91670716 0.08329284]
 [0.97835433 0.02164567]
 [0.00648031 0.99351969]
 [0.91119101 0.08880899]
 [0.00197612 0.99802388]
 [0.26958139 0.73041861]
 [0.05083159 0.94916841]
 [0.8465242  0.1534758 ]]
2024-01-14 09:55:29 INFO Model_Trainer.py:71 - Prediction Result of MultinomialNB is [[0.89254019 0.10745981]
 [0.91076342 0.08923658]
 [0.87055684 0.12944316]
 [0.87451911 0.12548089]
 [0.90783269 0.09216731]
 [0.92461334 0.07538666]
 [0.9334684  0.0665316 ]
 [0.95664263 0.04335737]
 [0.95866368 0.04133632]
 [0.93880576 0.06119424]
 [0.96836991 0.03163009]
 [0.80857621 0.19142379]
 [0.78884574 0.21115426]
 [0.78884574 0.21115426]
 [0.8914447  0.1085553 ]
 [0.84465305 0.15534695]
 [0.89101092 0.10898908]
 [0.83714191 0.16285809]
 [0.90393487 0.09606513]
 [0.921216   0.078784  ]
 [0.9560835  0.0439165 ]
 [0.94634455 0.05365545]
 [0.94406584 0.05593416]
 [0.95839759 0.04160241]
 [0.95839759 0.04160241]
 [0.79163131 0.20836869]
 [0.91370934 0.08629066]
 [0.91583861 0.08416139]
 [0.94559454 0.05440546]
 [0.91739313 0.08260687]
 [0.91730416 0.08269584]
 [0.90999513 0.09000487]
 [0.68362268 0.31637732]
 [0.90041254 0.09958746]
 [0.2315591  0.7684409 ]
 [0.90517907 0.09482093]
 [0.81438553 0.18561447]
 [0.92037383 0.07962617]]
2024-01-14 09:55:29 INFO Model_Trainer.py:71 - Prediction Result of GaussianNB is [[2.07896214e-10 1.00000000e+00]
 [1.98149041e-07 9.99999802e-01]
 [5.29796191e-10 9.99999999e-01]
 [7.98570894e-16 1.00000000e+00]
 [4.01830388e-16 1.00000000e+00]
 [9.99826797e-01 1.73202669e-04]
 [1.00000000e+00 2.90214962e-12]
 [1.00000000e+00 2.33206630e-16]
 [1.00000000e+00 4.67458644e-16]
 [1.00000000e+00 7.55936044e-19]
 [1.00000000e+00 3.32981046e-34]
 [7.62015289e-20 1.00000000e+00]
 [9.25619216e-21 1.00000000e+00]
 [9.25619216e-21 1.00000000e+00]
 [5.73225075e-09 9.99999994e-01]
 [1.11199343e-12 1.00000000e+00]
 [9.50164435e-10 9.99999999e-01]
 [5.51499344e-13 1.00000000e+00]
 [3.07766224e-10 1.00000000e+00]
 [8.03823531e-01 1.96176469e-01]
 [1.00000000e+00 5.48175005e-14]
 [1.00000000e+00 5.27510369e-14]
 [1.00000000e+00 4.09358402e-22]
 [1.00000000e+00 1.89242761e-29]
 [1.00000000e+00 1.89242761e-29]
 [7.14614137e-12 1.00000000e+00]
 [5.79295322e-01 4.20704678e-01]
 [1.00000000e+00 2.69860456e-12]
 [1.00000000e+00 7.32384310e-18]
 [9.98960685e-01 1.03931514e-03]
 [1.00000000e+00 4.01423898e-12]
 [1.00000000e+00 2.20984775e-22]
 [1.87566782e-37 1.00000000e+00]
 [9.99950461e-01 4.95385068e-05]
 [4.13359769e-48 1.00000000e+00]
 [1.24424535e-13 1.00000000e+00]
 [1.21752680e-23 1.00000000e+00]
 [9.99999943e-01 5.72666114e-08]]
2024-01-14 09:55:29 INFO ResultEvaluator.py:29 - The Average Result: [[0.25478139 0.74521861]
 [0.249745   0.750255  ]
 [0.16478116 0.83521884]
 [0.1586783  0.8413217 ]
 [0.18787134 0.81212866]
 [0.49069655 0.50930345]
 [0.52789483 0.47210517]
 [0.92787434 0.07212567]
 [0.9282042  0.0717958 ]
 [0.97436779 0.02563221]
 [0.96477029 0.03522971]
 [0.14209769 0.85790231]
 [0.15342125 0.84657875]
 [0.15342125 0.84657875]
 [0.26938699 0.73061301]
 [0.18431469 0.81568531]
 [0.3042363  0.6957637 ]
 [0.1576074  0.8423926 ]
 [0.27261676 0.72738324]
 [0.47767648 0.52232352]
 [0.92694447 0.07305553]
 [0.92428652 0.07571348]
 [0.96038321 0.03961679]
 [0.9778609  0.0221391 ]
 [0.9778609  0.0221391 ]
 [0.15411097 0.84588903]
 [0.32233813 0.67766187]
 [0.92293674 0.07706326]
 [0.97514868 0.02485132]
 [0.49224496 0.50775504]
 [0.74661151 0.25338849]
 [0.91492667 0.08507333]
 [0.13338595 0.86661405]
 [0.76005788 0.23994212]
 [0.09755584 0.90244416]
 [0.17641145 0.82358855]
 [0.12717621 0.87282379]
 [0.48977059 0.51022941]]
2024-01-14 09:55:29 INFO ResultEvaluator.py:33 - The Maximum Value is: 0.9024441583529555, and the Index is: 34
2024-01-14 09:55:32 INFO MongoConnect.py:13 - Pinged your deployment. You successfully connected to MongoDB!
2024-01-14 09:55:32 INFO ImageFindController.py:60 - ***** Finding Image Finished *****
2024-01-14 09:55:32 INFO ImageFindController.py:61 - Your position is near, Luxury Objects, Gamla

